152792 4250525
39522 5045396
400676 5083615
552909 5067204
549662 5061946
442933 5124396
446284 5126605
437893 5114255
441929 5121738
440114 5121964
427818 5081915
428878 508049
436707 5081566
450012 507861
435758 5085438
434959 508483
441482 5121804
372194 5105382
371374 5110187
371113 5104682
44414 5040848
420706 5048775
530271 5093871
601663 5063906
330565 5131708
291708 5123209
384759 5044085
407088 5058317
42874 5108166
411677 510356
423121 5073662
384597 5098377
495112 5114385
361741 5090897
586145 5059242
537484 5102432
485047 5117729
458688 5096019
323696 5074481
5812 4961424
470004 5087886
403883 5093818
557158 5064347
53153 5122173
504288 5097643
325536 5120931
401809 5109103
447258 5103365
327774 5080561
48645 5046819
44543 5039788
345154 5120361
419068 5117676
436208 5083742
311967 5097138
29044 5120644
449854 51223
440836 5068987
449778 5013566
450022 5011959
44233 5007999
44701 500683
435534 5004888
446075 5007833
444025 5010821
443206 5007547
458342 5010956
440495 5008751
430725 5006519
444186 5003373
444749 5004435
443726 5009064
443958 500339
441373 5009866
442989 5007989
343841 4974576
33763 4975341
334488 4972816
826387 4983173
660787 4919478
662783 4915783
66046 4917771
818604 4982753
428737 500534
429429 5005032
494309 5040831
491159 5042547
663391 4913503
287158 5022934
432279 5009291
451839 5005388
442454 5001443
829114 4983471
661085 4919144
661369 4918751
505199 5074227
454463 5000879
675971 4918416
449418 5014684
577089 5003617
449213 500318
458283 5010776
458707 5010629
4268 5010521
456971 5000391
421794 5003376
421319 5003306
411543 5013099
364071 5050496
260293 4967876
448328 4897443
468786 4939507
822385 4980006
594709 4937785
725012 4959411
505764 5076951
766649 4922659
757123 4920408
440292 5007197
583431 5021749
584812 501971
722951 4957336
559094 4939526
446943 4899278
404 5065984
398232 5068999
603256 4935377
508156 5012037
442495 5008514
442583 5008269
444537 5009829
441077 5006291
44395 5005162
440259 5007196
569808 5013916
337951 4974338
317817 5148171
340173 5175104
337758 5174448
344764 5171654
413383 5167751
302157 516554
34548 5163027
394373 5162019
379312 5159419
299674 5159589
299692 5158823
294481 5157429
327414 5156479
302388 5155608
349626 5151437
356703 5149601
320321 514992
327382 514638
323169 5141491
43089 5184628
330984 5251406
381965 5331906
349135 533217
356775 532844
314159 5316808
426745 5313366
299613 5304671
392126 5166556
407571 5179483
313765 5324809
394611 5162059
313022 5153539
318682 514566
399767 5167805
292238 5160275
300959 5157377
382007 5162893
30435 5295051
414531 532128
396824 5163508
357464 5153202
321112 515887
319368 5167197
497912 5178928
364248 5173749
406944 524063
302098 5169319
380893 5328224
462957 5330346
302974 5320362
308129 5319202
307659 5159754
317819 5147871
324371 5152393
384122 5165325
330564 5327394
391108 5162051
320596 5177641
337835 5153363
314114 514984
493306 5169403
251869 5575429
238463 5572281
257745 5570463
246254 5569191
257217 5568324
253381 5568002
257 5567674
260593 5565963
227748 5564237
25642 5567315
249355 5574205
254933 5569403
256618 5567533
207272 5563374
218583 5548036
170626 5571711
135362 5539169
17801 5525063
187629 547685
033869 5541044
03824 5539561
059993 550604
221445 5554564
000156 5745599
05081 5744661
994624 5706982
992175 5704896
988692 5700965
087381 5640588
024585 5620195
954529 5618425
020815 5615741
020617 5615408
869346 5695334
936497 5644841
848005 556243
845616 5550849
845203 5546597
85825 5648818
89842 5613504
823982 5609147
982534 5584675
953616 5571078
972602 5556936
003279 5645781
902966 5656396
912765 5549368
211621 5564252
243699 5566942
975148 571498
997794 5606865
202969 5596892
24403 5584098
005708 5642878
245986 5564516
239073 5562279
250772 5565054
24377 5571654
936142 5506753
888736 5495076
976745 555097
265693 5563164
258942 5602688
256197 5566281
849542 5547963
948138 5524609
080466 5530918
247686 5590328
861245 5636301
040587 5535278
020017 5617835
038628 5540098
969484 5678372
957965 5567485
016083 5612934
207452 5584333
042915 5538224
012278 561815
945816 5550382
228462 5565899
22624 5593498
958906 5574836
980695 5492391
66779 5086696
692695 5091612
677433 5079436
641992 5113975
643737 5119408
644993 5119461
643683 5116579
621186 5132786
656878 5132656
656445 513334
654056 5134719
641542 5137756
648258 5122365
639918 5125299
677617 512266
678805 5122803
682273 5121799
659321 5108788
669856 5122582
681348 5109429
684123 5109414
67534 5116341
675615 512069
717549 5079292
720697 5080006
707512 509024
700646 5097663
707262 5097947
699906 5092178
697413 5094029
687811 5093786
691668 5094997
70745 5074233
715296 5068597
716749 5067799
709754 507331
710213 5073519
72996 5094358
695447 5096108
695624 5093748
693956 5093671
69828 5103163
700336 5103892
740448 513412
747388 5135772
747053 5151435
749256 5152416
746189 515143
754862 5137063
660612 5153582
666466 5166263
662991 514509
662596 5165578
677588 5137052
677109 514324
674928 5156339
67395 5156285
708351 5117237
700355 5116178
704095 5120582
721252 5123552
719871 5126993
712897 5125144
714723 512592
714992 512553
781632 5168088
769105 5153877
783892 5165432
756132 5145414
709992 5164591
719775 5161353
698993 5157331
696881 5165781
712763 5159434
705552 5157753
61535 5075932
714905 5147459
735279 5144229
687717 5140029
717436 5139928
700805 5149741
697495 5148427
686565 5135059
702446 5143712
710109 5150639
716552 5153193
719009 5150934
707385 5152172
68645 5148381
615428 5179044
626452 518322
700137 5105593
612087 5077683
695241 5093884
712136 5098474
724173 5118119
720377 5079479
721838 5148196
670856 5141889
68451 5147413
728346 5129218
644309 5116612
874035 5171347
877138 5170443
801154 5085622
85645 5203487
853295 5202872
85728 5200114
848117 5198094
857101 5195032
762746 5195782
761842 5195185
763155 5196146
767164 5157023
705354 5091222
60842 5077666
766013 516176
690163 509572
648266 5080568
645955 5083355
607711 5083529
000662 5365374
995143 5362312
004499 5360808
00002 535942
004566 5358909
009 5358719
950028 5358236
997638 5357822
993763 5357688
992384 5356376
999055 5356048
004638 5355243
99994 5355052
996368 535497
015406 5354565
010422 5353977
022921 5352334
99999 5349926
020741 5349209
021557 5348632
020677 5348033
99823 5345992
99866 5345693
99811 5342144
021876 5333971
040255 5327492
040871 5324728
067359 5388011
06876 5386958
06876 5386958
068265 5386637
979324 536636
014404 5357029
002597 5354259
998427 5368502
746714 5347125
079441 5410002
037885 5205024
034093 5215323
052186 5216285
052643 5226364
859778 5356943
858942 5352533
858045 5354217
805909 5227222
807012 5226245
804481 5227593
805858 5220564
802427 5229089
989042 5152791
993459 5153658
081056 5242724
821336 5314266
816642 5316038
822984 5317156
825836 5311843
865395 5303157
862937 530487
888768 5306962
862807 5316856
862084 5318204
877119 5306376
880848 530751
880373 5307807
881124 5308143
873968 5313648
982145 5229593
977109 5226574
98675 5216091
979745 5231769
982667 5242662
973562 5241249
973343 5237565
973761 5237505
969102 5234907
976329 5234344
974021 5237656
941351 5477625
939654 5477337
943641 5478321
935606 5210179
870238 5386113
871485 5385159
998797 535553
807222 5352191
811467 5351993
997816 5408905
998689 5407174
008261 5262423
865222 5019041
869727 5013755
874244 5012327
866883 5010852
854945 5010093
860617 5010016
880082 5002126
843476 5000886
857882 4998371
871687 5004774
85348 5016361
82188 5004504
822036 5004891
825211 5006321
824392 5007152
823849 5008198
863198 4987287
865208 4987165
865421 4987105
827134 4999889
827037 4997139
869424 5029961
874247 5018974
891749 5013241
893039 5014175
825899 500019
863391 5015774
863315 5015708
757659 5038002
759247 5035715
699076 4923863
699552 4923376
944709 5131314
945173 5130802
844382 4948471
842193 4947565
822895 4996967
858509 5005184
846957 5055105
864646 4985205
664139 4975699
717451 4934327
713605 4926935
74588 5042975
867731 5058493
864521 5058062
868903 5057236
96832 5055395
776997 4944386
76818 49432
779111 4945378
662179 4973912
836161 496496
876871 5083179
886177 5013048
842158 4945161
848205 4959321
89141 4987254
609043 5076899
79119 5176519
757256 5101449
688026 5149246
654486 5143313
838369 5190786
843977 5188136
65435 5150912
808752 5156397
876496 5173099
150301 4813983
147966 4814519
167715 4811933
157662 4811323
150388 4808773
151353 4809778
156293 4814918
157811 481362
160062 4812833
158851 481614
156311 4816101
15662 4813897
159743 4813572
166273 480642
12493 4819403
899753 4870611
918221 4878283
917347 4877354
918939 4889606
155841 4813097
153922 4811703
144605 5011327
088166 4839675
089524 4836653
088753 4836599
867749 4940357
869251 4940813
849056 4946091
849902 4947338
84687 494905
855664 495135
854706 4951502
847258 4949718
847088 4947944
108015 4944163
100528 4959392
100429 4959613
10157 4945341
107739 4945002
099062 4947317
107499 4946987
114112 494627
111606 4948057
107679 4945411
993098 4979472
998727 4979786
99542 4979845
930867 4871273
143519 4877154
922596 4917835
922364 4912565
20899 4902015
206334 4900948
210993 4899358
21001 4901486
003618 4838725
870025 488924
921097 484956
784895 4799381
7844 4802939
786094 4803013
835174 4901447
837299 4899022
839448 4901005
84441 49004
839945 4899447
919699 4869295
092024 4988393
089874 4990009
212164 4785315
212545 4784664
823949 4876124
920038 4886691
794309 4847187
962348 4779261
948672 4765942
215165 4853641
213638 4856031
215695 4853904
157571 4994403
157926 4994988
09049 4836595
917696 4765929
922148 5000615
917199 4996521
846556 4806905
211825 4902648
032848 4773626
013452 4888353
345663 4857384
341863 4855708
382037 5283469
208168 5087766
163653 5213126
158186 5208023
432753 517493
312353 5252838
323343 5252743
333274 5250631
343641 5250085
330815 5250022
345834 5249123
342464 5248662
343277 5248243
337121 5246932
332618 5246232
34654 5243634
345695 5243068
338515 5255046
338703 5254929
336475 5256074
341331 5254837
337316 5255663
335599 5259751
346844 5254685
353192 5252566
35424 5254263
305673 5240059
321932 5253728
353052 5251008
331292 5241922
338154 5241083
347665 525136
14109 5362819
140825 5363441
249376 5071876
196801 5148538
198679 5147804
103511 5097671
099537 5100798
287383 5085704
237499 5134305
230987 513276
226374 5134777
237933 5134502
237933 5134502
208741 5417845
213469 5408845
332171 5245806
132592 5099097
131588 5096008
224304 518318
330663 524769
144729 538742
339364 5407272
162836 5212952
313572 5237195
306717 5239272
359999 5254805
431936 5177891
023413 5004443
023283 5003358
919547 486772
156089 4814016
108143 4944651
108108 494464
294537 4841805
948798 4802194
134439 4938155
851305 4796098
947351 4841539
169132 4813338
847374 4948475
878722 4796763
874307 5304732
969541 5374686
912576 5419863
679171 5065848
324534 5276496
324773 5275478
330798 5263519
301838 5230281
323864 5239487
351568 5260067
326106 5351879
327086 535849
325716 5355799
331424 5230874
250063 507064
205964 5223713
885699 519461
887804 5193277
659075 5132765
69629 506266
668155 5089667
685406 5147373
692094 511899
72013 5161672
705492 5118539
801654 5087553
681849 5123478
696857 5097932
702059 514682
866476 5213197
676964 5149589
6952 5143688
730979 5156149
78388 5099849
853324 5202332
912331 511322
825419 5021658
90055 4968744
868115 5043632
920686 5091791
97207 508615
001826 5119704
979016 50962
848009 5058478
017628 5100634
866315 5057967
85253 5012064
147235 4826254
231864 4862654
904754 5008935
0266 4742601
426329 5143859
266551 5189011
354458 5255349
139213 5360098
185462 5096913
285305 5275519
285498 5275267
245152 53157
217499 5134659
217563 5134645
198422 5137156
390641 5184997
371917 5099809
348969 5116502
10767 5188029
247602 513488
270866 5059611
316208 5241985
333175 5089566
815928 4933908
92417 5073376
857003 5005068
85706 5005083
848456 4983483
85722 4952738
859988 5013581
892927 5011646
879314 4785586
883879 4776153
885199 4775242
775056 4822705
936659 4867756
188122 5031166
144363 4825489
110051 4946948
968223 475458
156267 4821326
164593 4810081
087293 4991758
943408 5478626
929099 5319374
005783 5364816
001032 5355216
996646 5216485
878624 5310117
013926 5430212
887625 530819
732692 5249732
979693 519931
02428 5233819
941751 5242816
072912 5242316
06775 5384866
098629 5224084
760673 512391
778142 5126253
702444 5208878
617129 5166967
003816 4787938
906903 4921005
895134 47747
759272 475911
759643 4759546
856523 4913886
7852 4811239
699823 5146139
754545 5216386
746055 5154591
796042 5145526
810499 5157788
771333 5226021
767536 5138501
831781 5184286
790058 5156277
311916 5115331
337272 5250741
103728 5097293
312656 5252628
229137 5132023
662855 5183147
8394 5105259
804131 5176675
827742 5134938
803213 5114765
877983 5220561
856731 5219733
705722 5220329
802716 5095997
886585 5202819
759919 5209358
717137 5192815
834909 5167121
892902 5225058
862639 5232137
85311 5120109
901634 5172111
733699 5143888
731469 5129873
767261 5169822
661598 5183537
745998 5176674
761682 5151331
834096 5146761
79716 5195439
70128 5145181
858977 5166642
721078 5153147
744073 5138671
851555 5159897
775281 5145055
72806 5149469
743589 5227744
686402 5184924
87503 517173
733067 5163192
87553 5207663
763003 5161395
752726 5161633
766373 5198797
799734 5133731
746191 5136243
791139 5091202
634643 5152283
612901 5178113
644396 5181807
688295 5145893
76537 5110595
707717 5155174
722065 5154262
796636 5169642
872912 4854456
779691 4757583
979016 4864601
86958 4927442
820664 4791822
943043 4864449
957183 4880874
943898 4893213
913521 4895316
718675 5088497
621644 5105279
711368 5081865
683104 5129748
679408 5125227
702314 5128124
373935 510741
319857 5253338
244529 5084159
297844 5254033
186884 5261918
320426 5265263
337281 5439093
134806 5065783
364465 5254373
360277 5231698
328842 5258392
109681 534997
293712 5236417
187276 5088972
219222 5381504
094261 5180649
157688 5151069
179001 5055175
369694 5284157
971676 4828981
868953 4903811
885055 4826207
902594 4822175
852852 4803188
857373 4816933
949478 5131508
946424 5135384
957091 5083257
874632 5013929
654074 499619
828724 5001887
882243 5059803
829413 5048123
853598 5090147
867133 4996315
835281 4954647
759956 5011623
701586 492284
715726 494625
859721 4967235
175317 4838109
104883 4931916
117079 4871978
946337 5183762
998913 5169255
923362 529484
927846 5197668
044475 5191319
108826 5309139
054769 5298683
023839 5173263
830132 5490772
185475 4808322
142605 4790052
298723 4759299
020862 5004867
135907 4776587
115206 4785257
222235 4804887
097698 4827427
160223 4995787
08731 4780703
077057 4912871
138857 4877542
211948 5016784
142455 4876324
718544 5360301
82842 5271143
793192 5325236
841309 5289633
798767 5240422
054296 5247065
835498 5219073
78513 5301478
986084 5238061
063548 5412313
79079 5358135
997995 5380127
082973 5148877
445788 5119019
328725 5129545
098896 5101274
630827 5107609
737302 511983
613048 5092021
690733 5111587
715681 5127678
69135 5084524
612414 5096107
697666 5076298
657481 5054994
680582 5065206
624653 5082282
690267 5089205
700607 5096111
660754 5109578
705572 5063343
722702 5063082
930907 491432
920444 4808677
967864 4928959
758457 4802407
803704 486413
966825 4962247
028824 5393343
966291 5430931
957505 5453049
90762 5448657
951664 5392574
951333 5391862
994428 5465689
912032 5390047
909672 5419482
013898 5194691
921833 5265227
806738 5283976
013276 5431419
02402 5151721
939525 5311712
082538 5231098
117909 5444202
968786 5267424
997793 5310086
985408 5297241
051025 5230885
00267 5357014
027151 5348909
99435 5374322
878316 5268484
969212 5285197
916994 5306059
804087 5284534
836171 5260719
073426 5370022
248599 511143
259077 5068025
003368 4768958
982421 4769781
987683 4821584
004889 4914245
994729 4846547
976271 4949539
760435 4780709
969291 49103
018351 4895655
901806 4878497
957779 476641
007729 4882804
817914 4877679
854342 4941083
91918 4777514
33653 5411686
219295 5411379
203524 5410911
427101 5306506
182874 5341772
183118 5114487
117166 5284092
17533 5177419
143256 5228047
271145 5351836
35793 5245858
217374 4897163
096498 5025933
106446 4969979
100195 4982015
016781 4800101
265916 4822631
275019 4840026
110346 4924757
134142 4904265
101267 4947849
177868 5020239
022514 5033256
125164 5013643
104539 5013365
977216 499563
108686 4749257
003548 4833096
058314 4930327
076152 4871832
026234 4845347
096271 4902001
047016 4976903
044071 4841179
014641 4974011
096442 4958395
120212 4769098
028606 4751876
301027 5059156
272572 5125595
435511 5155883
46358 5213105
170773 5202974
078998 5185264
388376 5330486
327421 5245875
409196 5233366
400859 5152791
256902 4888171
260856 4888423
222128 4993666
048338 4885451
248938 4863837
177808 4863258
187146 4891234
21582 4967452
233463 4845383
007635 496645
120639 4936494
156322 4813745
289809 4878947
295997 4885111
128741 4951513
183094 4944366
052994 5003115
209575 4853932
140073 5025818
352651 4880784
172779 4917557
158381 4850893
097233 483574
926377 4970703
092416 5069132
029282 5099362
37351 5104318
233857 5151073
297165 5156183
297459 50907
068592 506438
756286 4941901
738031 4925555
843768 4931736
813877 4974702
732097 4932892
733822 4932151
676008 4928968
710987 5054532
666684 5022256
835713 4984732
672023 4935685
672442 4980469
742436 5043483
72373 5057131
786516 5079268
723746 5032799
801042 4910291
837149 4922699
678444 4928547
675431 4951279
802303 499718
803705 5037249
786338 4984295
785253 504496
733573 4961168
740732 4973906
928996 5025023
82766 5075032
973464 5041894
774956 5048328
75362 4998087
939731 5064254
953998 5129731
971824 5120417
898124 5043077
863948 4987137
878007 5106001
77056 4944637
758999 5034953
853719 505364
92748 5112121
702807 4928924
686338 4924482
750081 5044248
106899 4970756
268056 4867807
156407 4828354
209889 4930922
128842 4856412
097015 5027212
190347 4782851
114454 5034014
213526 4953295
044745 4857502
916513 4998827
996964 5279999
924702 5223401
05028 5382361
010899 535817
987158 5336333
912368 5349361
002049 5355291
079021 5242671
964631 5142815
972459 5244211
997262 5238743
847401 5350374
822267 5314332
010792 5260106
880644 5302926
821605 5281135
373511 5129454
007699 5018717
032911 4906773
160806 5005488
313665 4896498
154901 4806691
142529 4814302
050702 480459
100142 4931123
084101 4837645
064192 478998
088461 4834502
986533 4759402
08665 4806334
146695 4822593
214931 4931452
958537 5000146
126741 4828053
151217 4818129
206412 4784323
058374 4957749
296604 4784255
234528 4784408
175853 4768606
117531 4889688
168949 4788664
060424 477735
980194 4808426
84501 4955029
922666 4847487
938511 4887156
825491 4762183
792997 4755399
931512 4951116
895246 484796
968582 4869688
936376 4881455
843605 4846227
869645 4845799
877575 4891998
759272 4790815
926682 4905806
008282 4850045
975809 4851469
922096 4914543
863738 4950702
839419 4903386
952696 4880691
85545 4914797
923185 4884123
917387 4882115
37394 516358
190937 5146163
343504 5250924
359949 5259572
198599 5176444
198863 5118744
455328 5234702
344183 5246892
195258 5152216
140529 5365188
30887 5238242
201635 5145421
166405 5217148
308562 5253139
253307 5243318
304968 5432043
373956 5105002
237452 513393
240078 5139986
292054 5079531
286232 5080743
24985 5126599
242827 5128428
107702 5097629
075212 505144
213701 5049481
496817 5116892
373452 5104923
219017 5139962
247606 513716
158344 5092819
239638 50494
162032 5087726
05528 5092193
151385 5104232
103695 5100365
041151 5058981
369252 5108537
228492 5061913
842977 4998487
837029 5005813
975376 5068811
862468 4964391
662595 4944286
81991 4946799
863396 4988676
809172 5038116
845472 4947807
95323 5038721
789408 4985166
86489 5053786
893031 5032965
873428 5010707
886013 512802
881729 5011923
860818 4990148
967493 5054279
063313 5385271
998076 5407608
974015 5237567
993157 5155312
729527 5268369
053127 521582
035337 5343366
81162 5259783
896077 5305057
768725 5251408
013103 5431533
650851 5078108
695601 5094194
699146 5081142
62211 5077896
626134 5057836
72859 5077351
694238 5092851
67657 5127812
615344 5080483
763623 5088548
684576 5116558
701388 5102761
610102 5106539
668272 5118333
695204 51253
695352 5093648
695795 5094229
696168 509146
665273 509421
70209 5133226
230172 5182361
341552 5252247
356061 5236726
172092 5300372
278452 5291769
355808 5250725
203301 5150117
345402 5251525
130416 5145025
386783 5255621
149305 5217609
342913 5257402
350984 5245636
333887 5250315
338715 5252662
31118 5237625
362362 5250415
148488 5176747
349765 5250944
374307 5242797
352217 5249727
332489 525611
006876 4918168
866475 4954879
928324 4881655
853931 4932681
914937 4892231
82954 4882211
784217 4799738
865468 489041
76625 4761328
998433 4839964
868252 4939731
911657 4933754
016703 4869202
258501 4796605
159504 4826397
176328 4817656
266307 492023
201408 4848584
186119 4880998
331145 483947
280289 4816292
972795 475486
158575 4812149
158482 4819206
913394 5020332
813109 4919303
806561 5059889
782486 4992448
762401 5068958
845042 494809
752617 5056596
874568 5008458
793616 4998105
019057 5360884
887732 5476079
040993 5193014
010166 5431342
874797 528599
996217 5360273
720904 5339171
961495 5243023
708447 5244072
919213 5231045
882777 5291448
947573 5250378
941383 5233385
045255 512227
380423 5099477
423777 5142908
072176 5091984
09578 5085647
209983 500133
106144 4942797
114339 4942741
13712 4813917
146967 4816476
161357 4818849
068106 475679
144025 4928927
093661 4838339
10641 494481
160222 480564
160621 481873
15882 4819266
153159 4818432
153052 4818296
15311 480478
11023 4750207
241756 4821174
212334 4902739
262915 4785493
907088 4999394
99405 4976791
153507 4815234
011714 5000352
163549 4830626
341513 4857229
189737 4828388
872432 5170502
85917 5201025
737183 5149463
745829 5151663
749478 5150356
757284 5150532
857589 5140637
693524 5151131
718015 5160896
890245 522784
696491 5156636
773499 5214717
696377 5175431
914744 4883782
916112 4880975
781232 4857709
925465 4876333
917743 4877561
958716 4977118
884885 4990847
726931 5038136
842937 4933841
690576 4998055
759572 4921404
735049 4924838
870308 5003176
818528 4955372
900776 5148841
206357 5413292
278142 5215989
22592 5166705
184299 5225877
160956 5215928
289188 5079526
903098 4870355
091537 4957347
608773 5077534
13465 4800262
689641 4941065
292429 5083488
999513 5355208
006883 5357263
76556 476065
011668 482853
751163 5039745
702926 5071454
678396 5121885
948796 4920371
343273 5235827
987614 5358833
722437 5147908
869894 5004885
858017 5022388
713181 5073464
828015 5067394
022297 542866
21875 5160835
982865 5447275
663864 5121742
683255 5091472
191674 5147903
727481 5068491
106133 4839079
688753 5143053
962666 5226615
976626 4879016
336628 5247581
442744 5117998
336976 5252581
687845 5116219
971101 5240593
984623 5347281
876049 487086
817933 4991317
889253 5308115
685105 5091915
33063 5250665
158291 4813351
340888 5252219
158427 4815696
738208 5308351
665618 4977138
240767 5099921
206663 5090791
86839 5013215
866427 5010769
011409 5433282
972401 5358382
013634 5432241
363276 5103871
877707 5323127
679204 5121982
651976 5126993
270811 5126125
611653 5078985
710164 5073755
346174 5247117
209717 4901081
146681 4874708
993598 5355155
907139 4851366
867568 5011404
867918 5011412
868631 5011494
969055 5347087
728524 5183734
969567 5346195
391291 5095661
889333 4924212
709798 5073605
140604 5390386
834308 5165095
781174 5168129
354667 524317
309223 5408789
983686 5181848
324273 5243339
942018 5102968
747568 5323496
128382 4809422
801212 5090837
880328 5305326
022074 5366386
823472 5002362
938712 5210287
998165 5405964
992793 5347077
051881 5228024
915297 4767558
886899 4882461
870179 5301205
794776 4848439
006805 5357238
990475 5360767
78617 4833771
000455 5355361
781948 4798477
156581 4774847
089688 4828993
024734 49172
31912 4863069
701871 509493
075808 4819713
680103 509581
876932 5080709
375221 5404768
99649 4840052
668772 5120079
822281 488655
701383 5145697
884397 5304597
990449 5361781
341487 5252034
868523 5010007
683081 5152305
341658 5408039
946788 5120237
297735 5316917
010322 5154559
017564 5154446
019515 5153946
014129 5153744
010856 515335
012223 5153079
01234 5153028
009493 5152911
005942 51527
015713 5152135
011085 515181
008855 5151728
01663 5151732
013068 5151641
014257 5151677
013882 5151561
017483 5151605
014994 5151427
015927 5151338
008781 5151116
013365 5151104
013117 5151047
013639 5150988
012707 5150622
019291 5150113
016595 5149836
014399 5149584
014627 5149472
019347 5149247
020053 5148281
027028 5150697
041912 5150611
062917 5150779
0224 5149306
022624 5149281
029889 5148597
048004 5148207
039677 5147571
036309 5146865
040986 514471
011949 515177
013765 5152423
01076 5151424
03531 5157267
029225 5162137
01296 5163288
010876 5161791
006955 515938
010641 5159285
025553 5159105
013577 5156607
017832 5155652
011268 5155287
026153 5155163
014096 5154926
007865 5153728
005369 5153385
004592 5153154
008081 5158854
018394 5157378
008496 5157382
021595 5156295
007676 5155969
020163 5165469
04234 5157332
038353 5151221
035513 5150949
001301 5163535
001901 5158358
005961 515147
012711 5151167
012428 5150917
001392 5157022
009166 5147303
006906 5147062
013689 5147133
013517 5146282
011548 5146177
01875 5146235
021569 5146357
003493 5145289
015249 5144378
010198 5142634
000461 5142218
030566 5141152
025607 5140135
030622 5139233
004424 5137573
010258 5137337
019385 5136505
001465 5140567
010482 5146293
006559 514917
004317 5149001
001049 5148143
012791 5137663
016399 5140613
037636 514367
008901 51505
04196 5138613
016642 5142675
007558 5154725
001147 5145996
000189 5154098
021402 5155569
003519 5137682
009679 5148999
012588 5138103
011645 5139842
009816 5137413
001516 5140393
020455 5142074
019335 514569
016769 5146283
008263 5165215
006481 5161259
015575 5152954
030255 5146263
029491 5155323
017672 5161554
031497 5134961
048812 515532
028597 5148994
027976 514485
02142 514449
019211 5169678
038549 516923
039698 5167715
039897 5165729
039429 5165423
029994 516198
074456 5133838
055664 5131932
001359 5112817
01884 5112048
018761 5111403
037134 5081061
06741 5078307
009377 5096937
025704 5084128
014957 5082438
014681 5082205
028315 5076865
035992 5144358
138119 5138667
054875 5138667
027235 5119274
128938 511549
075844 5144223
051751 5138316
142018 513339
108229 5127759
117877 5107811
131044 5112707
0335 5159327
087342 5114916
084094 5128215
111845 5126516
108696 5126244
131381 5106287
145698 509184
142877 5091869
118739 5083452
107973 5081486
108784 5080265
107011 5083879
112075 5079499
003314 5168744
047437 517327
042447 5158405
045817 5156908
046056 5156887
03856 5150544
01421 5158959
08337 518237
081084 5181711
119515 5176269
047234 5175154
045615 5174784
053016 5174139
04711 5173852
075075 5162916
077743 5161165
072095 5152272
075211 5141686
132456 5140339
074647 520426
0458 5190673
04149 5187835
069064 5203523
163737 5161435
06194 5164364
073497 5155157
060876 5155286
071285 5153881
071377 5153652
111874 5185944
1153 5178856
027167 5165819
06085 5148353
059981 5150318
076538 5140361
129521 5069815
046618 5213521
044596 5213353
027105 5195371
020576 5180167
009269 517539
052213 5127651
093521 5223639
089413 5223818
08973 522381
002793 5154664
014242 5140951
110855 5125187
141299 5090504
056028 5132025
016716 5124024
010891 5178194
074895 5130883
134458 5207186
048455 5210838
0265 5083306
058081 5186656
019281 5129882
004418 5179953
050592 5156471
004949 5167999
054025 5322743
033817 531935
034849 5319274
063526 529041
142919 5323523
126332 5312694
137561 5308807
139756 5305511
130896 529738
146287 5294387
150528 5292927
147616 5292089
143453 5291762
147102 5289648
088162 5276466
028499 525883
110384 525883
021467 5257736
024306 5257286
070193 5248773
079081 5241448
072249 5237822
11336 5263604
113406 5263333
075052 5204508
118893 5260218
017593 5210448
071267 5224601
113258 5205673
069325 5230121
013472 527728
011898 5220593
27536 5270852
222148 5219384
273262 5204304
249125 5269131
245177 5268071
244382 5267626
187229 5291034
166531 5279483
182692 5268378
2233 5219248
119674 5314489
119034 5300984
117526 5297956
115332 52954
114907 5295253
116182 5294481
113006 5293835
124364 5290396
151283 5240911
143901 5243052
151059 5240952
144194 5239827
183285 5248073
178128 5247814
181067 5244145
177864 5241337
169438 5263291
178112 5259084
18218 5256242
182851 5253308
180316 5252094
190278 5251883
189575 5249697
194942 5248856
189413 5248046
198403 5246642
189286 524341
196998 5241642
191654 5240901
19046 5247946
189814 5247875
189745 5248064
196089 526067
204003 5258546
2136 5257792
208193 5256373
198822 5253077
199124 5251714
204876 5267893
209051 5254244
211413 5252641
147717 5252225
201798 5250278
215258 5250063
204585 5244832
153591 5229236
192998 5228278
223856 5303581
217381 5302519
222678 5301058
212378 5281558
211727 5280664
202599 5268968
221627 5307129
125941 5238793
170601 5219279
155508 5277463
137526 5273208
15452 5267726
039509 5275536
14104 5271246
129287 5262734
173292 5260762
171206 5259704
175101 524746
126082 5265277
009787 5357498
00477 535689
191635 5073843
186276 5072627
187685 5072083
244242 5071471
245385 5061102
235976 5137893
175256 5157015
177866 5156852
178445 5156084
182746 5156027
179358 5106967
187304 5081207
198358 5071609
195474 5170755
209772 5191473
207625 5190197
221623 5186212
226905 518382
222044 5174583
414606 503713
508735 5016221
224667 5186584
404545 510753
40856 5106506
346557 5091125
337696 5063053
346416 512034
299864 5113239
25724 5103089
258786 5145882
25958 514424
260026 5144002
297814 5134751
260632 5152535
189474 529932
064941 5359146
061508 5356445
120632 5277193
106706 5296112
148869 5242993
199332 5256787
072837 5239881
126209 523723
209149 5259587
186767 5254263
199625 5239598
180194 5245974
118201 52598
414074 5037139
229036 5180518
275434 5112571
260012 5152979
310108 5101437
181003 5248742
034617 5314451
014051 535495
156682 5470418
135158 5459101
128058 5457612
12372 5457452
155364 545276
167472 5466439
121426 546832
121059 5467981
120553 5457553
154123 5399372
018928 5408173
03437 5378113
110805 5399054
104493 5398908
108062 5354591
113669 5352199
209384 5348842
264277 5345078
262709 5341551
259446 5340068
259323 5338862
211805 5337848
274048 5336186
288176 5326357
288031 532651
212596 5325984
2886 5319131
24427 5309767
17627 536601
1782 5364695
132076 5344311
140898 5339184
146781 5338266
146235 5337347
269165 5369733
262865 5365546
229614 5359385
243041 5357986
243552 5357179
263036 5354815
219918 5354788
20918 5354555
229202 5354397
264976 5354039
211379 5354198
259669 5352086
252595 5350299
251816 5349643
243163 5359609
15801 5506486
162557 5503547
16665 5501212
143242 5499873
157582 5497734
161495 5497156
158759 5496159
167559 5495897
166269 5495748
161938 5492407
14337 5491868
138161 5491568
13828 5490749
150193 5490658
142265 548814
136257 5487971
232408 5351373
217741 5350376
225906 5350185
227762 5348548
224256 5347615
221834 5346704
222988 5346272
222001 5344002
218353 5343587
216023 5342019
216051 5340765
229067 5340056
225996 5338055
223355 5332605
29695 5363279
28877 53566
294936 5348935
291578 5345607
29724 534364
286185 5342176
304365 5341955
294496 534122
292339 5340976
297999 534063
297875 5340532
298204 5339775
290018 532794
190405 538748
170476 538697
160678 5383863
173427 5382506
170861 5380063
154197 5379898
175143 537983
178468 5379773
162116 5379504
175472 5379446
152763 5378171
156817 5377776
174717 5376908
164155 5374408
16086 537358
186023 5372341
283165 5406304
305551 5381117
301119 5380122
305583 537984
22408 5378916
274124 5376203
270056 537596
270533 5375749
244602 5375426
248386 5374846
267814 5374789
293799 5374592
294715 5492592
274727 5432949
159444 550845
141491 5340538
132131 536972
272473 5336572
157217 5375894
135204 5334289
288563 5348367
297926 5333921
265417 5351998
258585 533852
273605 5345224
310094 5337974
127805 5455823
295519 5338136
225944 5342063
153814 5502083
034081 5374495
305425 5381464
140945 5341326
144662 5500843
149146 5340171
167279 5495838
167211 5495822
138902 5350802
135532 5334437
235861 5346283
1432 5379294
277166 5355022
322526 5411358
279993 5404912
303336 5377932
121941 5452295
130678 5462827
157973 5480812
13321 5475941
235529 5339971
275771 5466235
040027 5428156
258995 5346921
041799 5423752
301202 5391885
234912 5346851
037386 5372771
035086 5379216
107625 53923
144244 5399958
201599 5578424
10303 5088064
034517 5146874
098411 5085175
060149 51576
001016 5150689
029857 5219329
012543 514457
061638 5152021
024733 5143946
022569 5137308
038136 5154119
148093 5120963
129943 5161932
153509 509543
070286 5156692
047762 5138023
033407 5157978
054212 5084303
01804 5147847
034107 5154271
001803 5144476
019897 5189509
098035 5142397
068011 5173658
027888 5143909
089951 5188969
002981 5165699
058149 508553
014309 5161068
11795 5085257
027901 5171645
019133 5112365
036636 5144242
051019 5188789
087608 5113493
040558 5151638
047552 5154445
010956 5159678
02026 5190244
008166 515172
129969 5167002
114594 5071064
153063 5490181
323712 5411428
171321 5496542
110222 5351475
111253 5350622
299051 5345142
221341 5351357
234454 5346797
232938 5355808
215386 535319
253554 5358246
22965 5359596
154477 5380052
268518 5379243
167641 5370946
149609 5382119
150322 5367756
147887 5380556
22506 5378652
238181 5375614
17714 538352
158304 5380591
13359 5370896
221877 5316843
270036 5332812
216505 5360189
172317 5437574
224696 5346187
212136 5342368
118613 5390657
161243 5497545
149622 550106
16831 5499536
212428 5347898
280102 5342588
303038 5338908
295049 5348261
301589 5338563
211846 5327292
287931 533505
21297 536149
217113 5385909
239526 5383955
14948 5348817
114747 5350689
12551 5342333
146561 5494656
156555 5503712
41003 503657
117789 5259769
115038 5205268
018732 5261261
148447 5302206
255981 5144704
129143 5328368
113492 5299899
276126 5148257
202996 5253123
118521 5265186
056956 5321296
0181 5235116
113701 5292385
207276 5251547
183547 5265252
29563 5133885
214942 5144819
111391 5208488
49425 5037825
510294 5026472
199105 5073496
193889 5207716
209337 5261909
142287 5322916
129143 5261017
180686 5159814
003086 529757
249981 5144821
061994 5317721
216626 5300857
354852 5048336
358834 504217
408194 5039254
272034 527417
170499 5262771
198383 525851
275477 5268804
106834 5264742
109223 5268468
123569 5313152
114764 5295449
147699 5249757
353532 5070918
120571 5275885
050983 5324155
07233 5265218
271355 5205712
18417 5072601
184277 5075208
185384 5370283
227637 5357778
236807 5314459
296247 5345697
10845 5396053
149408 5368235
16758 5380337
09139 5370595
173407 5377171
154251 5379613
154876 5379542
232949 5348169
122626 5457572
273083 5344192
289185 5319141
219467 5348413
247794 5371318
183885 5484933
224565 5348204
188644 5372452
300615 5364638
031423 5375331
149083 5334609
143741 5354467
293943 5343925
249303 5372922
247594 5351609
211617 5345848
106572 53773
135694 5343176
20245 5345353
083207 5188449
149242 5177858
014158 5145703
106441 5135956
030323 5078668
018197 5145048
019254 5111389
015606 5115838
083637 522434
011845 5136767
044316 5148145
070603 5135127
023793 5176346
018532 515778
089643 5112711
025769 5149257
013334 5095417
095674 514567
034396 5174405
001531 5152994
009713 5137487
097352 514567
013577 5082979
129355 5175285
125796 5175244
00549 5154751
005229 5145078
051523 5140022
013631 5153169
011878 5155824
105446 5081706
083499 5225545
042638 5148075
055007 5088735
016217 511554
017678 5116105
006157 5151874
026816 5133159
188889 5231201
161917 528268
155665 5240338
479377 5033404
527591 5022592
212932 5260165
001413 5354641
008653 5356523
06948 5358842
042343 5301203
233249 5121697
127276 5266821
144749 5275085
190333 5246711
154612 5247496
137285 5253991
211848 5228954
290961 5136179
21989 5221295
054552 5235333
2251 5238793
539679 5019744
15299 5241304
211241 5248445
212663 5258421
025196 5233169
032091 5253185
224589 5237082
304858 5380789
224425 5348703
356588 5464193
358346 5454466
243104 530913
152241 5367899
251464 5319765
240166 5352478
226579 5347521
2479 535908
298614 5340534
215871 5341219
156421 5458567
128314 533152
156664 5429864
251493 5326144
006093 5150938
064893 5190171
011149 5150314
020202 5201432
009727 5101874
051851 5175471
134165 5134847
100387 5212782
028088 5152575
214114 5205766
179312 5238291
338426 5086315
19572 5250946
000901 5226923
187389 5247297
079022 5309181
353101 5046754
506183 5040236
202131 5249208
120717 5357558
072264 524047
146307 5497102
223915 5348295
094193 5251092
020504 5137414
016296 5186718
102676 5320006
063717 5152096
252945 5341491
253828 5143047
264573 509359
077687 5203891
076756 5133424
099084 5145571
093405 51423
200093 5259629
220776 5299485
219287 5302819
208774 5297101
034445 516455
132836 5195664
022061 515045
156953 5518658
154251 5513051
150112 5451885
040902 5274007
24339 5272483
05514 532272
025713 5253969
019967 5189761
013371 5174206
009441 517694
245719 5061605
551095 5012941
071107 5228493
013663 5151586
01197 5150081
018754 5151263
057688 513806
359307 5052358
050241 5084494
250551 5335915
016261 5149003
057795 5192555
241546 5154098
014415 5151498
0175 5151596
014014 514968
126868 5265408
019753 5150891
075726 5084271
06809 5249498
046533 5158299
106194 5144183
216095 5345912
353248 5072272
213789 535571
285621 5339126
119805 5313605
007161 5152212
07556 5204434
012225 5279831
092063 5325576
258814 5141678
136144 5340979
120066 5203001
026015 5156343
106627 546146
112996 526633
162965 5369031
187096 5241364
016988 5121229
056786 5123723
035664 5166187
201252 5394189
021033 5160193
238973 5138036
138073 5093921
232799 5372449
11138 5162154
152615 5412095
14178 5291757
029757 5263773
038314 5377012
174051 5247857
026548 5133385
131281 509236
258868 5145717
12931 5262572
147424 5356005
034076 509916
047853 5173723
053504 5152694
028585 5148674
011783 5136168
030235 5151386
010172 5137641
010162 5137631
051101 5143411
033816 5158155
209394 5245832
211352 5248127
211565 524788
095181 5100826
140841 5090367
026352 5113485
177845 5371624
115681 5225881
290982 5319791
057563 5123621
131307 5456494
2143 5138223
046597 5265881
22106 5130384
296272 5348449
116885 5266558
255875 515063
283817 5341038
301211 5365285
286599 5335842
045496 5376248
175178 50738
120602 5468913
07861 5083117
114366 533097
133266 5206198
200796 526937
020896 5408243
230019 5213051
01425 5264966
016337 5221245
412702 5041389
097168 5145405
194159 5230678
010459 5081236
005964 5079609
137199 5481463
154579 5228112
3067 5102442
14886 5091731
017481 5160407
267822 5377249
00526 5141488
030219 5141031
29355 5489523
163082 52803
02808 5156176
252458 5354758
215738 5361829
17256 5244703
115541 5205773
025019 5257655
027409 5148777
014543 5156559
010428 5156544
000922 5168628
090705 5189686
048072 5159127
029688 5153371
009714 5157692
02227 5157547
006879 514839
017867 5157611
022032 5158923
227372 5343646
010528 5150678
079088 520049
020852 5189934
131871 5138514
002139 5148963
059221 5150866
116656 5109527
028696 5115705
073326 5134448
052466 5127231
139682 5135786
049314 5139496
110552 5129277
05133 5143557
047887 5154575
087472 5130842
00588 5165151
135436 5096633
076575 51249
106813 5079646
217364 4140389
215356 4140144
215674 4139604
2172 4138649
220407 4139297
208614 4133383
111835 4115874
01264 3853732
368999 4046846
36681 4044825
364058 4043671
36739 4043407
370504 4041643
369313 404095
368559 4048029
370963 4041788
370702 4042097
374433 4038803
370883 4047852
361834 4045669
363785 404626
03756 3947501
037576 3946725
039109 3947901
035823 3945226
111743 4114134
12537 4111487
120509 4113146
219991 4144151
281176 4196052
010761 3853333
017238 387879
212582 4005477
225343 419423
367494 4046249
370181 4041966
366304 4038181
246345 3683895
391419 3898472
402126 3985921
387346 4045555
253219 3950749
273424 3963141
006702 3997835
006379 3997906
167974 4133232
173691 4123141
034588 3945724
48797 3652192
69582 3726571
361417 4054253
365175 4052512
449063 3664422
388446 4052324
381715 4035689
596037 3738746
400918 406363
401794 4063706
566328 4353984
564916 4095108
580214 4339203
555518 4258611
557607 4259239
370411 4231822
369422 4235962
271423 4291023
300852 4328869
465974 4066838
355001 4035419
371819 406052
244477 3684094
386663 4046558
386858 4045325
379811 40395
443197 3671387
375557 4024073
369612 402708
3693 4036296
452182 3659421
451731 3659922
449952 3662491
0621 4160651
219078 4140443
217987 4143521
058406 3882885
287632 4322868
476022 4164245
38609 4345639
853303 4289166
852861 4288298
569392 4353684
876745 4259824
088938 4167189
086753 4164069
088112 4165181
088931 4167776
141996 3890573
143458 3891086
009551 3883917
043041 3916219
07775 384889
106676 4106637
284245 4170041
28449 4169735
277473 4167814
317969 4062933
636027 3890534
639563 3946843
614494 3642988
20268 4154523
203541 4156465
204433 41542
270493 4163351
209811 4155333
599504 3739272
59952 373814
600193 3737779
600198 3739105
593941 3740662
622118 3659388
621112 3661611
635943 3676726
367867 405079
698181 3886675
699659 3888227
462152 365375
579764 4341252
202328 432767
403809 3803804
463424 365405
306675 4181755
056302 3819712
222674 4145542
225031 4144707
113985 4107457
194761 4146449
296088 4225918
198242 4332282
346661 4045867
347976 4047597
603086 3737438
543292 3619008
443108 3671227
443335 3673381
60718 3738002
37438 4031627
373467 4033877
372034 4032734
374528 4029641
513685 364283
300335 4329967
38376 4342563
045125 3838277
04698 3836687
048245 3834373
050769 383747
052257 3834322
206814 4135687
207718 4135319
017494 3853854
627671 3650608
516628 367415
166284 4281084
369036 4024593
401946 4063738
385146 4034862
385387 403323
564962 4097825
566473 4096455
385371 4344536
19865 4128254
200932 4129503
213675 4150809
2137 4150761
218883 4150861
201102 4139645
839948 4337021
068902 3799292
3604 4037533
380325 4046333
544889 3613315
371267 4042526
376454 377808
377553 4035843
261187 3677462
259764 3681002
370394 4044728
602976 3739101
605714 3735192
476644 3787714
479947 3788163
478543 378976
470793 4166888
474673 4163672
585039 4336347
265062 3959523
274133 3951967
275144 395064
248095 3951787
261987 3955151
262022 3955161
265694 3957274
264704 3957124
048704 3946997
048704 3946997
624896 2846682
625671 2846281
625129 2846946
365686 2892045
671868 2805098
538798 2800991
673076 2806331
379104 4029364
333003 4050396
336661 4050276
336444 4048234
041445 3946427
044249 3953143
037736 3942086
037708 3942029
037853 3942012
038256 3941148
273049 3954758
301584 4334015
299167 4334162
586961 4354833
872046 4223187
163135 4278619
183574 4332207
113915 3799856
007885 3857518
215533 414946
534815 3615633
536226 3617341
531268 3588881
410766 3868825
481145 3996342
574685 4151577
36465 3809032
016029 3900155
045614 3944014
025148 3967206
290898 3971091
098703 3760207
100654 3761296
542746 2814254
544335 2810082
544612 2812822
542734 2811099
541716 2810783
570616 2779394
660234 4255264
660703 4254895
593221 4355243
030407 3955336
661373 2805069
630642 2846068
67353 2805962
672813 2808898
368866 3673624
352847 3674306
544057 2784223
544039 2784248
607783 4003545
593344 3740576
369526 4044949
372093 4042113
499485 3647937
487398 3652138
358774 4044828
388201 4040121
611449 3669692
614992 366737
472718 3648879
36594 4041142
265491 4161188
159201 4119174
052911 3957918
016997 3897194
04659 3871248
262491 3957981
24308 4155384
041049 3837016
047255 3835342
072018 3826291
066925 3827276
842523 4337289
403286 4334349
47871 3785925
187848 3900651
186773 3898458
00228 3998304
392074 4056919
09189 4165052
67354 2808357
877393 4221069
397726 3986306
871833 4223523
872327 4222082
333241 405058
222948 4142683
002002 388187
446776 3671274
674015 281254
246498 424537
316558 4062278
052049 3899611
042586 4214818
218566 4142662
621016 3646942
114849 3804093
042855 3839846
230308 416114
44714 3668526
048717 3833811
04537 4045481
636223 2838231
253806 3952195
442063 367182
242271 4152131
362621 2893008
233938 4148499
583107 4337023
756826 4303598
446086 3668716
585874 3735325
21741 4138041
216971 4138554
216564 4139179
362295 4041852
218249 4137589
219829 4138766
359349 4049153
359349 4049153
371832 4043487
786608 423451
204037 413863
09935 4163012
477363 4166069
2052 413293
392731 4030025
361474 3720159
042606 3947876
365586 4054732
361361 3715201
278224 4196551
121923 380643
094929 3762552
593759 3728263
111288 379815
11135 3799209
114829 3803149
244519 3687362
081436 3781991
364109 4054722
597267 3738526
375689 4065942
374177 4033096
294025 4326735
383385 4030336
377854 4022783
18476 4172355
123953 4111712
545606 2809547
820237 4348788
280543 3675241
431145 3672243
091931 4165905
447826 3665685
36067 3715471
654757 2839447
270744 3961471
032448 3950603
026234 3917928
357562 4058266
213954 4137863
254045 4157453
194409 4330939
556862 2775435
205259 414835
654306 2841911
386616 2838601
221662 4141061
625687 2845358
495242 3649013
256228 4900408
256219 4900308
235237 4893675
239858 4893168
238027 4891304
251795 4890821
233205 4890672
244477 4889191
24164 4887986
241621 488556
256199 4883445
248585 4883907
241444 4882102
247548 4882011
250873 4881429
241266 4879584
236959 4879193
244355 4876182
237052 4875845
234647 4875619
240973 4874476
252663 48939
23565 4893847
247644 4895829
248593 4885286
255241 487944
24751 488775
246003 4878475
23942 4882535
239927 4877372
234485 4889732
234416 488986
234647 4889588
23599 4889052
239267 4888865
232541 4888755
229205 4888555
23468 4888388
237054 4888235
235419 4887994
240637 4887709
234406 4887594
232551 4887536
229615 4887541
232953 4887421
229907 4887248
23403 4887196
233522 488712
230334 4887119
234771 488707
235408 4886912
236774 4886889
23748 4886493
233356 4886328
234816 4886085
2346 488592
232782 4888347
233784 4888244
238052 4885756
235159 4885783
241056 488533
234368 4885128
229764 4884883
241095 4884741
232456 4884456
22577 4883804
229565 4883751
235109 4883658
240603 4883572
23316 4883334
236655 4882689
235726 4882605
233282 4893437
225454 4892315
223447 4891072
230386 4890288
222537 4890125
224884 4889606
229092 4889148
223207 4889108
21951 4888512
223904 4888182
227211 4888134
222708 488705
224339 4883383
22787 4882697
229862 488243
220664 4882224
225049 4882085
229534 4880793
225559 4878709
222959 4891406
230433 4893868
234792 4886126
230133 4875413
228164 489317
232846 4887545
227758 4885746
232741 4882844
228143 4886797
228514 48847
247452 4888388
241724 4886543
23761 488513
257829 4884877
274287 4882909
260701 4877783
259736 4870231
268225 4887035
190877 4899743
171233 4898845
169566 489801
217054 4893822
204337 4892896
211544 4890527
209442 4889813
208901 4889754
214864 4885926
211734 4882707
212864 4880057
214364 4879309
204252 4878257
22082 4877885
191805 4876018
203291 4890958
246554 4902052
209517 4901884
239233 4900025
219194 4899557
228967 4899092
23768 4897821
249891 489777
230676 4897047
2257 489644
240038 4896159
225198 4894479
221958 4892288
21413 4902283
236529 4897588
224129 4872993
243924 4871443
241693 4869976
216734 4867737
227707 4867141
239299 4866971
227371 4865127
242802 4863024
2492 4863037
245613 4861404
244349 4859452
233784 4866869
196407 4882629
236413 4884318
234075 4884714
235586 4887644
025174 4941181
111263 494737
109018 4944202
108635 494311
104467 4941436
114557 4940847
190859 4787932
190394 4790645
155241 4728396
158239 4726103
151066 4725693
155804 4721379
161669 4719756
052917 4739644
054842 4746989
055598 4745027
070218 4742584
06928 4738962
008762 4840519
033931 491466
029704 4916351
036198 4920971
036157 4918311
032572 4920657
440702 4839935
457174 4842647
446825 4841544
452839 4838801
448221 4839267
01757 4803644
019587 4800412
111411 4477157
42069 4368956
06245 4491112
066529 4489244
051428 4486625
059361 4485368
055719 44842
059558 4482949
057285 4481414
308178 4577804
317328 4574048
318608 4577614
394293 4364129
381443 4362186
387935 4360865
385653 4358907
149658 4352062
151494 4356444
147168 4364576
139494 4360795
144326 4360487
135926 4358936
133044 4361313
143643 436109
440565 4385682
28876 4271726
042416 43318
129063 4587995
124516 4584888
126002 4581015
543421 4351822
539378 4350479
524325 4344053
5264 4343115
538912 4333113
537477 4330165
537434 4329421
537849 4329323
538321 4328696
539094 4324887
538659 433038
537842 4348742
540138 4330302
497641 4577238
483426 4576433
482899 4575281
487811 4574315
494752 4568471
483433 457582
493192 4574819
484282 4575523
522989 4341939
750518 4377513
72846 4370545
726831 437003
715638 4365347
694107 4364529
705642 4357644
709028 4357408
695699 4355089
713065 4366216
567465 4519641
572659 451903
569424 4514931
573375 4515736
57676 4518462
571702 4515025
438803 4543618
439379 4542353
444218 4548132
588117 431227
581715 4310498
60352 4313913
602171 4313774
594259 4312102
612861 431194
593188 4312503
585783 4310874
603628 4310896
540045 4327084
502856 4576004
486088 4574909
477025 4575176
493567 4572414
633372 4691009
314759 5073893
313375 5072609
321482 5068214
31546 5066946
307593 5066523
306287 5063701
30703 5063575
306234 5063265
303446 5061884
312719 5061702
305114 5059705
304976 5054859
315847 5072305
298407 5065121
776446 486311
767184 4859165
774123 4858771
773639 4858443
774694 485831
775217 4856168
773188 4852916
347714 5038203
352201 5036454
33878 5032622
739056 477753
733824 4775106
733908 4774827
731693 4773373
731713 4778963
622409 4870113
618311 4868996
619864 4867955
616584 4866614
501658 4728046
509206 4731325
503715 4732242
50642 4731505
40508 492167
40042 4927775
397969 4925368
406005 4926532
403032 4925418
401363 4923996
617494 4911859
617326 4911473
622552 4910777
239443 510324
231159 5102282
231848 4990688
613877 4935822
613948 4935506
308867 503803
279394 5052133
282753 5046319
297705 5041626
277774 5042277
260237 4887672
240831 4886453
228535 4890676
254222 4901522
011066 4949603
22639 4725907
186524 4790554
191295 4785124
06121 4752014
358399 4786821
220865 4729273
104474 4945882
139254 4356793
048894 4490711
334227 4777714
336441 4774812
617279 4926289
613644 4924619
237797 4986683
612184 4930455
639622 4781814
316237 468602
61098 4908122
717179 4779406
273929 4909736
608905 4587687
483767 4572635
485099 4579809
486273 4577038
4913 4576288
485305 4576203
571765 4518323
480573 4394666
485849 4392263
485216 4388799
487833 4397915
636592 4526952
476885 4576402
478513 4580191
036287 4664647
037128 4657244
684365 4748709
681362 475035
4884 4495954
489094 4492958
486454 4493919
556373 4329334
492014 4572236
433875 4544064
498583 4573016
662943 4595227
579471 4382033
618663 4407715
477706 4578931
482127 4589514
550136 4368185
18074 5094238
599205 472763
413428 4829733
241718 489169
245692 4877964
239798 4886478
255562 489288
229182 4892591
248538 4876736
236989 4885402
238268 488672
23749 4888932
236822 4876281
256219 4895419
237138 4870937
265319 4852304
268479 4827736
233891 4904233
230319 4858795
207204 490424
235116 490084
202457 4905496
236359 4892126
243605 4878543
233834 4869284
314947 4360605
408753 4827327
640865 4607347
655505 4606689
687133 4592332
408286 4559364
662808 4490373
535371 4596881
542898 4556817
53673 4388721
396818 5027437
237063 510326
309846 5034192
16311 5050912
304595 5039751
209792 4945191
736371 4812855
562915 4529542
483659 4505307
46888 4525498
480551 4534073
548277 432941
444463 4589024
440454 4461649
594438 4585796
479356 4568023
639016 4566483
487961 457125
608233 4593325
278266 4885474
278266 4885474
2556 4908927
203486 4879919
25831 4850074
253463 4880545
229953 4871569
225326 487039
239613 4881966
232033 4879222
248295 4893052
235655 488308
199394 4892513
227654 4872346
254323 4884189
254323 4884189
237018 4862366
220626 4894805
264132 4883424
262477 4894637
204027 4878358
174858 4898972
223641 4889073
23754 4894712
265642 4884213
214389 4892845
210638 4870206
2375 4866154
244569 4890593
254935 4890463
243252 4899053
221916 4901511
207961 490372
207961 490372
22316 4856828
212116 4903583
263757 4855705
273924 4842374
22056 4868305
202919 4894292
207337 4898858
186702 4896757
546506 4346623
673637 4342801
470258 4585658
483657 4475962
475142 4428927
474402 4432202
469324 4436858
477316 457345
718795 4372826
488928 4581739
708675 4359989
486059 4398247
709004 4360348
47519 4558473
483777 439396
359168 5045639
307165 5064157
614455 4906726
289699 4923006
267806 5047434
617059 4762682
560162 4743535
240185 4938276
516322 4877563
458894 4872931
437387 4952009
554928 4666901
256305 4862275
267123 4855438
287982 4894153
259723 4858638
217059 484336
015988 4564835
021283 4563322
146735 4355459
067565 4736544
206799 4767021
499077 4582105
647858 4351045
475145 461062
505659 4503806
060361 4908896
405027 4821658
16201 4811382
168996 4813208
167993 4808229
168026 4810458
064566 4513021
044525 4499593
140109 4353382
141845 4355006
150295 4348271
31051 4578808
388881 435858
056566 4487018
391583 4360268
111934 4583002
307427 4588935
390405 4365984
130518 4578122
676609 4342311
479915 4413614
00968 4934703
010253 4928528
485282 4678408
48667 4678817
770535 4860435
58423 4916521
241159 5063629
159424 5040329
716075 4804325
756219 4758617
189091 509529
606408 4890128
707884 4873863
004628 4309533
075978 4311384
162436 4294891
018124 4569265
036056 4327876
110266 4611194
408614 4801804
409504 4797847
481041 4628785
722278 47902
22597 5073989
338273 4903679
651029 4767292
671819 4910886
266887 5000915
540792 4914569
293128 4994206
140664 5006056
371543 4850949
213827 4922102
274064 5072353
669494 4918927
575443 4951819
589 4867032
403121 5002788
409158 4991076
754393 4760508
3261 4964377
636337 4860326
594567 4721903
487262 4553464
006148 4322156
188593 4616753
348492 4451672
032145 4569062
201127 4436021
115316 4614849
13247 4512917
077993 4348789
105062 4372332
195548 4330052
238637 4349863
176103 4525378
017881 4484486
293526 426998
326706 45551
288987 4267271
061915 4318177
463669 4366591
462777 4367528
422684 4572011
694545 4365284
132785 4760577
074011 4805388
079915 4807771
321635 4334304
325045 4334875
053001 4479292
256608 4633804
208403 4943161
211265 4940826
731359 478072
617826 4934882
651688 4857857
407118 460358
236843 470625
325809 4779931
171225 4810432
080598 4645296
07059 4733167
146321 4352714
765895 484289
737477 4870225
364668 4959017
722401 4762867
292737 5033414
143078 467003
26395 4770811
203137 4790406
161698 4721099
163032 4722455
250631 4755916
154322 4716063
096334 4953625
025976 4926747
207346 484477
04915 4955026
058193 4872733
105964 4939374
11469 4902828
11697 490121
070198 4782351
002874 4874884
107237 4944542
107242 4780748
012974 4949306
224893 4818707
27349 479778
426449 4845025
118247 4924956
088338 48847
018786 4952869
200576 4695257
005327 4770382
356724 478014
796147 4902895
769363 4852198
769354 4874606
523579 4620722
522838 4619529
607699 4629394
59921 4622679
501367 4569762
719933 4376626
505497 4342164
693265 4353268
697177 4361536
427377 4537814
559941 4338815
536533 4341947
589488 4569263
522238 4348487
429318 4552242
595168 4557274
677761 4562342
589805 4559279
57067 4575765
474583 4453212
449481 4546243
534997 4336345
499985 435876
53996 4329521
538102 4329769
487517 4501618
481087 4557398
601929 4314053
148412 484444
151668 4845121
109975 4932941
103598 492896
080044 4832782
063422 4876171
179043 4928479
10254 4687485
136736 4869061
065282 4818117
019517 4699028
120926 481205
052276 4934739
316595 4856253
189561 4685411
022374 4664912
346154 4874614
101745 4740362
173665 4737771
381588 4858795
140419 4770114
296002 4805324
128171 4709679
198982 486347
189409 479377
065709 473779
355243 4827737
24212 4709176
644752 4817589
266734 4894794
2629 4861631
30047 4318316
152085 4352664
164043 4339914
145251 4349236
45747 4394049
076522 4518965
148169 4514758
025242 4454311
084275 4707371
089599 4704603
138022 440375
152504 4414998
337712 4530648
279238 4766047
091992 4873216
208352 4743223
407953 4412719
409774 4410886
342053 4345355
437613 4894601
614804 4874493
258702 4964726
277451 4970763
047926 4631269
119489 4737263
161189 4776512
260137 4634568
343729 4362327
057143 4477819
470811 4974025
24413 4491353
510025 4363204
509909 4363809
511294 4362881
600456 4313678
593585 4312026
727532 4369549
726598 4369503
518672 4574965
559161 4535929
491753 4494182
485822 4395763
614174 4585872
636344 4565625
169815 4680516
495863 4864877
496505 4862586
134621 4874646
610331 4456858
009157 4726543
054644 4683966
421796 4788127
323248 5016915
107823 4991121
209244 4723997
160315 4804575
110435 493091
207228 4711203
17295 4820149
14642 4909657
19195 4817689
341565 4614226
334363 4654005
327694 4820564
330414 4819324
775762 4882776
746269 4827541
405525 4606609
188073 480593
113558 4461628
174664 4648827
042315 4916435
042315 4916435
709562 4911662
504046 4405047
52573 4558952
513336 4564363
059442 4365012
063449 4417593
062636 4420555
061384 4418983
688154 4917549
473415 4599922
670256 4344477
663152 4331744
503515 4382719
23779 4711209
020495 4890891
113504 464614
436231 466822
142802 4446648
068295 4440372
046615 438773
048042 4390271
066071 4519472
273737 5028273
16083 5069981
164407 5072687
749315 4845878
514058 481088
394507 4902502
492847 4969861
696018 4827759
246697 4923409
331379 4937046
245245 4925977
64319 4634896
623066 4618136
161717 4963388
151306 4842813
144533 4844685
168572 4966141
00619 4843334
0264 491436
026151 4914455
143112 4906889
118102 4834627
272529 4849412
275628 4853367
149087 4855891
052921 4595467
328289 432693
415191 4368239
383902 4356924
369264 4346112
399834 4365659
348483 4330392
392977 4358353
39267 4358335
097737 4595871
066216 4574002
564303 4625419
28704 5069232
547542 4708231
044856 4483553
128273 4366845
116901 4441121
108275 4910036
303922 487711
023237 4793985
146488 481025
300718 476635
259181 4437213
100287 4562354
431652 4895996
029898 4783772
017075 4805079
156076 4516874
215499 4395464
484198 4633162
521492 4621523
137103 4757137
022409 4640772
028762 4653688
174291 472927
158899 4718821
168076 4716363
500689 443863
685826 4759991
337711 4797876
239774 472938
164109 4813013
272394 4765131
116896 4617324
147013 471874
010952 4562189
150125 4822374
041275 463379
047008 4684991
191407 4669384
14366 4664778
036061 492
036321 4920966
062396 4828511
309899 4923939
262337 5051654
570637 483702
244108 4914623
201569 4460835
057324 4483058
137573 4363707
052006 448207
24282 42625
647662 4819735
188001 4389271
002018 4324172
479167 4625365
680971 4914146
373161 4871099
069261 4488429
063614 4478576
310702 4699851
306353 45038
504794 473578
312768 4576411
408357 4646214
48591 4677443
390856 4749962
506704 4733954
249593 4673024
436212 43812
135077 4352947
140451 4368697
137046 4351086
143256 4366181
151238 4366809
133467 4398803
211764 4391865
144842 4360536
381035 4361367
057437 4484101
31253 5077126
58002 495439
61993 4913385
281926 504323
404371 4827995
617515 4861902
294425 5044351
326991 4984914
273885 5030049
342547 50129
78341 4880025
595543 4947593
249552 4928624
615995 4914912
749806 4852521
296617 5047945
185714 5010121
736641 4807079
296535 4302988
149414 4357373
095766 446366
221683 435915
059541 4480004
141901 4359462
150215 4355012
062537 433721
370663 4340985
347606 432978
104371 4371027
308218 4409113
429962 4378358
302246 4269907
284787 4269355
434779 438157
436383 4382215
435795 4384039
115791 446457
29069 4268683
38388 4362578
291531 4277677
231086 4320709
238474 4320738
388051 4360528
235223 4321638
350801 458406
170296 4685164
313313 4575052
340138 4612527
442863 4680857
431589 4695621
065567 4734747
292328 4738969
641851 4819094
402081 4922098
693812 4829201
410227 4832859
407339 4829987
691232 4764207
257567 5049519
533092 4784352
395601 4905453
613998 4763153
038671 4310343
461917 4417682
23642 4882061
227745 4883315
530524 4514384
244506 4856597
225346 4915382
174044 494784
224885 4912537
155171 4883774
180784 5093452
148269 4360638
535497 4341383
186186 5093712
249809 4845399
388085 4502697
092074 4589693
560407 431893
775749 4860279
230147 4989176
176788 4814025
351568 503411
507591 4505044
541783 4330388
339515 4776301
569577 4318081
605078 4320332
60636 4454519
077528 4961259
352377 5035834
037586 4975904
61705 4937964
513163 4339371
231977 4863598
500081 4341284
726519 4370487
130559 4360686
266448 4883655
161928 4725079
278517 4886924
614659 4919121
284056 425346
657826 4326346
328313 503467
254938 4861677
415006 4351744
680437 4343126
023948 4492761
254634 507383
393521 5025749
235596 488302
391489 4789024
583763 4637976
167089 5073301
661486 4801678
612388 4592441
257027 4436068
300721 425588
015911 479756
065312 4483033
238758 4792024
093967 4531051
538128 4330251
173987 4805528
197581 4860384
713402 4363363
576699 4520267
273124 4818011
192426 4874828
229001 4896362
112611 4300557
233243 4887308
236292 4886753
03796 4332439
233906 4887176
021526 4797502
498064 4349787
49642 435197
506423 4393186
227729 4986278
388582 4360812
30886 4880373
473477 4597949
32956 4855121
295623 483759
475233 4973305
014167 4450943
010364 4927604
243692 4884724
022789 4802243
145958 4886328
361421 495494
647141 4352929
727869 4370025
23285 4881032
243442 4872844
312795 5068157
64821 4454815
163003 4310359
221976 4307452
32351 5047552
1709 4811598
100618 470944
29801 4956975
278425 4940969
461405 4381766
584918 4345525
604965 4340905
701534 4355214
560611 4346599
316448 4698855
295274 4839687
110027 4405703
329186 4986364
247142 4880961
134836 491565
480552 4575395
308732 5058694
206097 4876961
167741 4859721
249575 4870738
581155 4612793
213137 4880561
23866 4884728
235171 484987
070443 492861
244699 4858519
238512 4887389
474895 4396112
121115 4490226
062945 4495616
136299 4873409
253421 4868341
278926 493904
439978 4546378
223926 4889107
776786 4857722
145321 4728372
77561 4857474
612801 4869417
503413 4733718
033246 433069
133393 4808946
480164 4577578
288461 4895702
248977 4890731
270975 4883039
159336 4903751
260246 4920864
351211 5033293
29762 5040613
232945 4895827
164448 4738091
133153 4697047
405548 4604532
533501 4535301
662534 4586416
054378 4748832
299269 4317459
591965 4579462
594934 4577774
633324 4630787
599788 4581527
450089 5415404
922077 4554095
924691 455722
920449 4547555
925041 4542323
916311 4553108
916371 4553042
914225 4547921
911415 4549699
912103 454717
921037 4546224
915525 4546745
918048 4545329
919819 4546547
918524 4546132
91857 4546492
917309 4548115
918537 4549475
767048 4507666
763023 4506433
893853 4440615
185536 4537907
190635 4541026
096794 4544426
099099 4543719
098048 4542941
919074 4546526
379356 4565543
377952 4563495
920371 4548399
134265 4449515
134616 4449428
140038 4447365
126453 445211
127073 444685
764456 451124
132301 4646932
25588 4185886
250656 4183592
246771 4183475
246546 4183195
24687 4182946
247117 4193998
259462 4193266
251622 4192449
253072 4190995
248325 4190482
249657 4190277
250274 419021
249445 419017
248214 4190037
247668 4189951
250078 4190021
247459 4189652
243744 4189443
251228 4188315
252977 4186968
034704 4358887
247396 4188848
245281 4191596
243086 4193707
121836 4379156
125713 4377652
121627 4377367
2288 4174603
259911 4185065
251756 4179429
384517 4148833
095738 4464333
090631 4465481
967487 4569123
91164 4544343
233947 4543519
233423 4544122
134383 4450541
124949 444892
768599 4507012
226834 4433227
223225 4548267
266086 4597429
25788 4407166
079586 4515888
913972 454956
965628 4505478
970551 4505126
218087 4439638
178063 4503304
914811 4551922
920261 4545194
917642 4539179
030917 4355098
064677 4469298
864978 4545208
161961 4483539
164814 4484588
020735 4553512
018637 455211
029847 4551514
224515 456625
427887 408726
427158 4085327
425149 4084037
419517 4082723
426907 4085266
508889 3750058
428241 4085722
514142 3762162
132865 4332139
130597 43342
029049 4480917
913408 3924888
909243 3923083
853794 4073808
220781 4441921
226902 4433245
981353 4411117
983749 4411323
863145 4490971
186613 4347032
172894 4436824
226218 4413736
289467 4147054
112131 427734
114177 4384447
227518 4173018
262696 4187698
254093 4190872
25215 419461
012541 4404026
240546 4182001
911993 3922771
259229 4183743
321282 4370749
388042 4294127
262535 4149099
24953 4167227
179225 4209062
820829 448999
338347 4235827
211009 4241462
916432 3924452
351059 4355811
263123 4159285
908221 4581235
264808 4256423
414734 4251867
270757 4154758
202309 4422891
777788 4381869
76213 4378872
324097 4605615
335506 3812398
332936 3812788
336689 3811015
508651 3750735
501272 3751389
90261 4562464
89008 4560581
906591 4557601
896488 4561082
885509 4561267
563768 3810309
686986 4111918
555543 4146542
817152 4035305
404077 3749127
761483 4505526
919218 4543725
774128 4512237
938913 4585458
759389 4502236
860799 4490869
070837 454334
334357 4164781
648982 4124418
220947 4614097
858746 3991199
036974 43745
059673 4366835
389268 428368
274026 4396698
855628 4592829
469327 3692975
427179 4108086
470869 4212174
41641 4240688
831772 4056011
25839 430606
225457 417949
361233 4285035
049419 4383195
052715 4293272
242767 4189806
092057 4392207
237681 4310483
95219 409092
361484 3727354
947232 4562067
624412 3932889
771181 4516594
753308 4510147
142835 4549311
139732 4572029
154412 4554729
785273 4544523
372178 4330423
879946 4567799
683052 4109874
219846 4191699
890339 4547238
910778 4533664
892461 4539187
432487 4102176
232572 4589095
192639 456835
910346 4569181
360932 4125695
911426 4573579
928675 4553997
921856 4554101
763358 4509464
922217 4580371
085319 4464888
859963 4571916
935908 4560029
086404 4544086
770907 451162
078872 4555171
14211 4449206
007778 4514658
937211 4550405
883232 4581773
05167 4543196
843749 4593197
05224 4545722
95995 4552823
969253 456634
921685 4552997
960577 4568128
162484 4551109
125653 4518558
011766 4557655
945602 4527652
915439 451856
113247 460328
885293 4493341
243368 4415666
474758 4091091
771146 44557
871275 4562547
996248 4410492
980578 4616199
580018 4062728
2853 4240223
623532 393535
653217 3871618
838969 4535604
906975 449985
878931 4527843
860042 45448
846846 4516828
888175 4490765
281736 4579262
318002 4608439
467641 407374
480097 4065889
783416 4057888
906396 4583677
132742 4451369
186308 454319
064304 4469743
008391 4485991
230633 4554721
910921 3921497
417052 4096867
692577 4096583
735543 4488858
770785 4497567
917455 4559618
015494 4587151
927237 4557891
807216 4555199
952302 4530149
189672 4430477
086109 4477619
222301 446903
259786 4564018
258638 440411
729958 4046254
414703 4093413
015034 4553542
937499 4532143
926264 4543314
936715 4542916
933013 4554699
435729 4093283
43543 4093259
128054 445081
139532 4451582
263184 4401579
634857 3889975
111232 4385763
9999 451493
495558 3754245
962878 4536557
631534 3828756
626382 393105
159853 4484686
912817 4515438
38006 4316485
734533 4573987
915977 4546652
92046 4548406
912842 4560624
322713 4612199
097858 454122
921475 4548334
921561 4548511
225206 4173743
02254 4559457
033429 4482027
898634 4555263
908802 45434
904597 457868
91879 4546449
24534 4189985
945419 4554686
24778 4185765
758436 4439372
52721 3706669
930729 4538327
89445 4440502
289098 414643
449242 4095097
432539 410053
689778 4108945
266241 4191291
522723 3711221
890868 4441097
039815 4370876
553068 3815288
124898 4377687
124947 4377646
907963 4542944
263283 4186317
004882 4536592
000046 4558064
187937 454172
079917 4455693
917664 4557311
872126 4568016
230656 4554437
925791 4554995
120673 4376565
230337 4180732
245909 4181863
554484 4144581
254219 4197144
247079 4308802
128662 4374686
257118 4185423
210365 4918424
952356 4711957
607005 4962053
612949 4961154
613312 4960218
600691 4952369
614114 4985858
636356 4954697
905598 475941
908118 4757625
90737 4755011
905841 4751405
902615 4750877
906265 4750589
908186 475009
905188 4749445
907096 4749604
902297 4749016
906754 4748125
910836 4746062
914902 4743264
892124 474211
90168 4740716
914042 4749204
914129 4755233
907073 4748942
905695 4750993
909168 4751673
902108 4740952
80486 4690217
161178 475416
037407 4790181
838688 4760358
839391 4758719
797703 4768092
892792 469732
77832 4635912
662406 472314
842152 4719014
01349 462686
014694 4625145
763386 4768614
822836 4607578
821092 4605027
824133 4607498
109833 4667984
171598 4795478
764853 4766955
018321 4718177
658175 476936
895886 4745258
899966 4751613
906994 4742513
892572 4737913
896331 4745116
841103 4718797
968873 4690708
967466 4689985
684615 4684528
700828 4646121
908364 4746968
980544 4810469
870275 4633071
924661 4741887
914727 474273
904684 4747788
920169 4743436
912954 4746365
905244 4746174
905995 4749411
905393 4749656
915878 474244
910244 4743853
903612 4752769
910798 4748593
910617 4756111
906964 4753899
912038 4751514
915183 4750447
923627 4748419
903632 4754347
913886 4755057
904835 4751311
91473 4756581
910713 4748629
915875 474146
162585 4753476
078798 4810651
078893 4810562
162596 4752728
160914 4752881
913745 4750331
901364 4746558
906325 4761335
910747 4747177
90243 4750775
768689 4678476
727673 4677401
909046 4749952
791111 4709146
172661 4796263
078584 4808355
741737 4373068
476091 5295856
474807 5263006
466675 524801
464776 5242561
463522 5238168
463341 5237928
489643 5237733
48928 5237379
489194 5237121
486648 5236574
492574 5236227
488925 5235476
454971 5216053
473868 5206696
460733 5187476
435886 5207547
428374 5211213
44306 522433
448517 5216283
44915 5215994
438552 520895
429602 5208017
431088 5207865
431415 5207733
424258 5204337
511585 5209325
511732 520919
597837 5088802
57002 5084952
569052 5085082
604516 5129423
602245 5091701
448497 5153507
509079 5155569
533597 5171892
598485 5137605
547703 514403
547829 5143975
441449 5192653
447864 5193315
450945 5189374
448356 5192047
447515 5192184
590664 5198158
598961 519676
586452 5184646
586108 5184334
585251 5180712
517649 5222556
538458 5188997
521272 5187907
688082 5222514
476208 5230989
488394 5236475
489783 5237689
48939 5237386
489328 5236683
495359 5231511
477534 5158597
430911 5207621
612133 527989
525046 5183193
569717 5147216
670313 5197388
527155 523942
608208 5310921
568905 5084993
524317 520862
579686 5319934
461748 5183574
656786 5321643
655679 5321581
601973 5237112
522053 5237182
555342 5202609
470971 520137
689866 5221894
530435 5168917
530181 5169016
502872 5158681
44503 5216613
504364 5168936
486811 5162701
480937 5278243
575628 5194443
599022 5119334
581359 5095628
447963 5191871
667706 5235007
585214 517317
467544 5185335
428775 5149486
527298 5269745
428254 5211475
429284 5185972
511388 5209085
504113 5153781
481189 5266198
466689 5181302
473833 5160025
584246 5099449
561499 5165721
448937 5188649
436247 5200994
570653 5125366
448926 5206147
611665 5249596
387627 5149096
666389 5235523
601388 5086297
498122 5189946
65089 5236158
511049 5211486
47235 5228954
492127 5233727
456646 5195215
555719 5204317
453293 5189522
516255 5227595
609233 5251238
616937 5137051
433661 5206923
385378 5130511
567078 5204349
550568 5248232
433153 5191727
468222 5201943
573922 512771
571717 5085627
450182 5204423
50925 5183941
466766 5157265
491153 5241494
593135 529652
506244 5201511
539622 5219509
503394 5264783
59886 5119977
696481 5298052
457272 5227514
589158 5196457
497861 5233288
455324 5195017
454885 5186964
479266 5232118
456584 5192552
643709 5225387
503509 5212878
511763 5204998
431923 5206707
526004 5211363
687951 5331858
581201 5295857
551 5173491
427775 5148624
547868 5146939
654091 5321347
579662 5317937
65845 5321608
617719 5223562
4294 5201047
475879 5261589
611631 5252257
618987 5138108
445314 518682
646726 5271972
664272 5233989
586258 5110296
436283 5202681
556801 5191813
452316 5205502
689746 5277175
620487 5269486
495103 5248529
4945 523
67645 5228704
480652 5235919
676357 5224176
704501 5314363
657225 5302637
631045 5194478
596457 5221246
58037 5182522
59439 5090489
54223 5143646
521132 5235533
435806 5187469
556476 5216897
476303 5230849
566198 5303346
572061 5284753
692881 5228488
482462 5167363
538501 5215394
619671 5214908
474095 5149825
47434 514987
541361 5150404
431664 5203736
575091 5185577
490434 5207693
589568 519595
466366 5211191
479306 529159
599532 5154782
552418 5160499
659725 525751
465352 5235739
556464 5231532
500467 5184126
482444 5245331
448027 5191959
447915 5192205
447512 5191758
362571 5148231
598561 5217971
486338 5230218
464738 5177396
10693 6001559
084371 5992553
084613 5992709
084339 5992472
07169 5992915
075918 5992531
076053 5991308
058739 5991764
083529 5971672
070384 5944726
093854 592134
137974 5912151
086832 5993066
0683 5992052
074956 599134
06372 5991722
072804 5991009
073915 5962331
071755 5991503
100209 5994853
105243 5996785
096633 5992831
088732 5995028
052044 5989095
083786 5994344
532332 603923
074357 5991321
110658 5928321
044179 5983496
115681 6016642
530455 593781
050397 5987835
966109 5914816
013658 5975343
020444 5974306
040647 5926664
960409 5919598
022441 5913081
00482 5906896
030707 5981097
533222 5939608
532431 6046483
532676 603955
523433 6036267
529164 6034988
533173 6029635
573309 5897088
573884 589335
57218 5887512
573812 5885188
876612 5846139
799545 5814435
813369 5817836
856853 5834097
045591 6111474
069756 6079462
106851 6079516
0394 6343051
040495 6340094
616051 624726
635473 624657
149001 6401231
03765 6335906
56231 587791
073361 5991374
07498 5991092
108693 5927452
532647 6029599
072319 5994838
593035 5459906
597869 5457736
580915 5459444
591677 5465497
595537 5466855
73194 5499483
639169 5444956
727453 5499862
731582 5501217
606037 5449184
565724 5464703
589564 5453065
571108 5459338
643932 5442178
633661 5446289
627098 5486121
63502 5419122
762968 5434342
676577 5451015
674473 54634
581349 547124
73122 5459492
667364 5512217
571856 5432631
58926 5459708
592456 545984
640034 4825745
630737 4821983
634414 4821049
633517 4820907
631995 4819894
634834 4819769
627764 4819254
637634 4817805
637785 4817499
63313 4817488
6471 4815978
628327 4813523
634133 482165
636162 4821345
637602 4821168
641162 4825932
647111 4816982
638601 4815961
643083 4823955
429148 4829829
42976 4829046
428133 4825453
13935 4726752
304403 4781384
306175 4780963
304222 4780003
305882 4782994
624653 4784362
63713 4820527
637223 482078
631463 481065
56174 4818849
644428 4818137
298854 4779281
631622 4811214
631894 4810769
540931 4818987
384721 4661466
970617 4749073
97404 4742648
630172 4811244
653117 4782821
319489 473538
961606 4727318
641164 4828132
630176 4815289
618592 4728334
424418 4824976
423576 482445
657662 4830397
3674 4800422
634258 4824639
636137 4824243
310382 4768489
602671 4832214
3865 4660548
541071 4701263
383709 4659515
622059 4782179
541697 4707299
539997 4710469
635177 4817981
642148 4818521
431163 4832925
634718 4816538
43592 4676642
37853 4793145
132244 4725755
63429 4814829
643488 4824208
657726 4856241
486813 4812154
647273 4825172
364354 4819995
406351 4818006
403878 4816538
398775 4815308
306888 4777476
300616 4781637
546305 4704167
312546 4785926
959665 4723856
648608 4813952
428821 4830397
44335 4804275
620387 4793097
644399 4821999
627595 479887
631226 4835963
633031 4807653
562193 4841679
967639 4737467
145607 4727688
284376 4742873
294771 4776815
981438 4715193
217481 4759331
23893 4744582
24163 4751925
170037 4735072
607364 4856399
446315 482171
441533 4803705
304442 4825349
348315 4821239
362115 4771032
518571 4860254
349127 4679749
350861 4679203
563554 4866645
277371 4682996
139744 4719672
074355 4723085
429874 4660698
429305 4663959
43555 4662988
430841 4662666
483914 4682395
452685 4823992
450148 4851067
556056 4680538
606755 4705846
596637 4727574
588268 4695659
56385 4720652
424767 4756171
544153 4706677
546509 4706416
543076 4704573
540067 4702804
512575 4705307
527399 4742081
463226 4717184
482731 4721665
072473 4748216
142808 4726246
641684 4817391
683893 4797274
639941 482662
508884 4737661
522865 4681969
544761 4705559
563847 4822207
607082 4771856
562387 4820763
183407 4738154
636136 4822568
636833 4819951
639172 4821874
634269 4819647
635786 4820085
483738 4810845
637467 4820049
279615 4729487
633078 4830337
639442 4823413
62538 4782721
137738 4725947
627935 4819173
65622 4812131
205773 474825
42797 4821075
620019 5417678
911843 3874776
909768 387681
9237 3875997
916861 3874247
915248 3872204
913962 3871105
921377 3871112
920332 3869704
914495 3873532
914355 3875297
875049 4136757
941853 3870013
898833 3895572
91814 3879479
907579 3866212
879935 3973525
863047 4115499
930233 3870423
922792 3869968
934916 3878107
934073 3877551
864576 4062691
83965 4155706
862067 4065148
865249 4064091
868932 3924439
858984 4116384
913917 3871423
919288 3878112
793552 3701685
885128 4016458
919009 3875406
915089 386391
862001 4111977
883241 4169528
830475 4119381
854873 4120509
889011 3852318
89654 3902868
925453 3875639
932612 3880083
92783 387669
930736 3875118
92686 3876796
856282 4121933
794397 3702816
91293 3876889
851945 4141461
865431 4118097
917412 386606
915704 3867899
85669 4117337
842116 4155181
861816 4122622
888809 3856696
854596 3713273
785114 3703001
893318 3973446
78658 3800392
925398 3910098
820507 4135922
874963 4136652
836067 4128373
84578 4059452
910467 386116
926175 3908289
918975 3861319
854188 4099029
848252 4089402
891406 386368
913365 3862224
856673 4092184
839859 3960323
854003 3947128
88599 4016531
830416 414404
8408 401951
840396 4020417
751246 3980661
746897 4173133
91755 3876404
791305 4064319
724008 4054226
915566 3883477
91527 3870708
913796 3874185
911488 3876299
828059 3712831
824327 3709156
749093 4026387
844273 4021066
928565 3871483
944562 3871449
914121 3876276
840146 4154074
868142 3711356
861932 4124926
904493 3888823
913472 3941255
88751 3853695
894223 3869549
79188 4064892
690921 3264686
694349 3263571
69507 3266043
91613 3872398
861129 4114613
860597 4114919
860371 4117994
864412 4116032
773592 4129236
939756 3873924
811564 3707756
863776 4113875
923538 387236
792605 3856226
931342 3868544
921918 3872668
863605 4114054
916361 3876267
92681 3875322
933567 3877705
245044 4394475
663046 4652249
662565 465225
663639 4651995
744233 4694899
744453 4694813
614401 4620896
614642 4620387
614256 4619817
61526 4620187
760678 4756648
759226 4756124
75877 4755786
758891 4755421
853878 4737528
854376 4737408
852962 4737352
854756 4736634
849858 4738784
854041 4737689
895415 4600365
611276 4621961
749071 4701713
656756 4654638
656869 4655404
64943 4651073
853124 4736446
931128 4741432
746274 470048
662907 4651746
845071 4740195
755296 4754664
760437 4752574
612981 462135
692952 469919
937115 4742266
937696 4742644
852035 4718532
947565 4716654
70585 4662705
83089 4705002
872416 4749911
874615 4749775
83081 474745
804578 4739061
729591 4622317
779105 4721213
660154 4658213
685853 4683198
759086 475474
679658 4708458
774658 4602091
901755 4584337
905884 4705081
780217 4693791
943655 4703965
790237 4734995
835058 4735289
79358 4729792
941928 4749879
609871 4620588
690931 4643096
830877 4705449
859406 4740863
623687 4638298
724676 4713778
846613 47444
828966 4745151
85403 4745059
693561 4699629
75546 4750472
875275 4719624
953145 4685255
951233 4684576
796085 4630624
751323 4628245
828074 4706963
621947 4638799
750153 4741658
741635 4692588
880014 461717
9013 4618432
621533 4624748
695264 462674
897306 4615664
837342 4741877
700926 4701316
857305 4721612
854266 4741064
714694 4682767
684146 4646318
904888 4745311
72874 4715885
614444 4621127
893657 4598534
808301 4737273
780539 4732348
817621 4726559
642498 4647475
856315 4744982
920105 4763888
736046 4736281
84653 4748371
819288 4738962
811003 4717822
760743 4678088
871842 4735011
882402 4730563
862824 4703239
829927 4702602
744777 4694803
871241 4749556
785344 4668445
735914 4622829
757196 4720146
740176 4719286
682466 4709864
715492 4680478
707392 4610215
881602 4722565
867176 4738163
863413 4769817
890913 4756411
762677 4675941
663647 4678054
836239 4709436
662223 4678855
707797 4678703
693624 4682083
854424 4751026
772074 4751229
780171 4746746
773256 47484
69227 4638428
898204 4585059
865981 4723796
788124 4629228
965321 4744764
844629 4727274
852991 4738275
737275 4694616
611449 4621815
760017 4706867
73065 4707431
743973 4694947
315066 561395
315787 5611144
345983 5607159
324219 5596163
34034 5593828
310004 5593415
352252 5588234
316181 5588587
393726 5611955
45938 5600227
373051 560179
378379 5600354
431625 5593091
423248 5589252
428516 5588718
431329 5587214
425667 5586459
428065 5586238
425777 5585841
397546 5586336
424795 5585729
401981 5585988
420364 558548
431907 5585173
406946 5584905
426638 5584006
431442 558085
405282 5577929
39307 5577599
421435 5576592
417911 5576132
473695 5564579
449691 5560408
36294 5507944
510483 5682173
292744 5647742
297045 5646481
344647 5640662
328514 5764683
180432 5748674
20907 5718476
461029 5546819
425104 5585696
319142 5595309
315939 55956
432969 5589168
398443 5594941
399269 5579057
209935 5714638
37829 5599917
447045 5584589
442573 558453
340712 5608122
467307 556107
456149 5594372
283358 5649053
436648 5587453
416911 5583613
394257 5612891
404291 5582062
402842 5577855
439825 5590622
339763 5607872
329403 559414
351704 5588373
351712 5588355
261175 5655009
378047 5611615
412045 5586903
347961 5638677
423383 5580609
434108 558049
324937 5592522
319915 5613445
302338 5648175
473507 5594472
441442 5585585
323893 5593619
217706 571793
440237 559042
422483 5747761
340662 5598412
314201 5596848
320638 5595037
319213 5595268
281738 5562135
41547 5594331
21279 571205
316574 5619885
297062 5646107
291854 5663453
448341 4607599
566222 4653494
512049 4635958
713809 4816836
913638 4872528
501244 6025105
508337 6023836
494739 6016919
494379 6016407
487924 6021318
51355 6020566
493018 6016908
493929 6017087
493937 6017075
487266 6026399
509957 6026671
474282 602089
465667 6014932
503628 6019343
441674 610078
366921 6151493
376951 6149833
37593 6149761
376849 6149578
446082 6099244
477334 6073842
485696 6062989
480324 6027044
406533 6024926
485173 6026003
465798 6021864
477822 6017093
472219 6016358
444086 6012204
503588 6029341
480308 6017558
387412 6147698
218823 6048858
2269 6045612
232627 6044509
151121 6113189
5646 6038967
181741 6147435
494992 601786
491466 6016335
566244 6098254
665886 6087154
667237 6086801
497556 6027202
489175 6019552
510251 6040222
692711 6046322
161402 630963
311502 6039127
382002 6149153
877448 6117207
599828 6119308
565453 6096633
551713 6098804
819713 6104986
576862 622508
571887 622171
281104 6279257
727251 6168888
719102 6355853
767709 6289181
766416 628818
554317 6490422
977114 6261858
785714 623163
546307 6499649
546988 6501166
572751 6650337
729871 6168613
312275 6383295
271676 6367653
508805 6047141
491631 6018986
502132 6039697
508559 6021268
494073 601683
493871 6016957
382464 6149306
502872 60284
497934 602434
574642 6224223
164771 631026
781027 5946875
794082 5938023
796904 5936208
799898 5936097
807767 5933501
807198 5933292
803196 5933345
800029 5929297
80494 5928609
790708 5927627
813964 591683
806378 5933346
806837 5933091
81602 5931312
807589 5930906
810301 5926231
786512 5925101
791966 5927418
196976 5770843
197024 5770616
196211 5770377
308721 5564146
300139 5560306
300248 5559615
305476 5556988
301223 555822
789536 5960686
789817 5954998
828468 5948076
762907 5919624
766173 5986869
755979 5984759
79008 5954932
646763 5939349
700417 5875177
181093 583529
181728 5806193
654948 5961054
654643 5960966
417245 5778237
452686 5932526
517543 5927256
514077 592167
276033 5609374
275327 5609147
285326 5587125
319691 557014
324369 5551605
482773 5690233
480218 5687903
207067 574929
285826 5667439
615389 5861979
616486 5860285
504386 5853092
558943 584317
562519 5840897
557786 5840658
565298 5839913
420181 5777322
791603 5946984
798206 5923577
520967 5926939
663691 5775957
620723 5857256
812192 5944555
792907 5941358
808052 59294
782895 5923983
651154 5937156
797973 5933277
381787 5867852
357261 5815957
293872 5772049
484609 5618862
59328 5673565
419823 577721
415114 5776276
193274 5834968
385484 5840649
38463 5839032
197701 5769906
31407 5849323
253004 5792553
302881 5560859
381894 5617065
297331 5772022
293487 5773276
191601 5764716
19715 5787552
198463 5764632
204646 5789444
269833 5750498
251723 5693149
303294 5555059
298927 5576768
196826 5770993
290778 5665584
323636 5564295
295636 5650214
280039 5804092
269497 5604413
230769 5831406
476337 5688451
226376 5712357
289381 5625049
41442 5602274
286123 5609819
379023 5543755
332603 5584012
199925 5777306
227625 5716902
830091 5763746
633558 5667143
636427 5666127
801237 5927233
809014 5924279
805904 5933108
807013 5944446
81491 5917667
65633 596363
64697 5961287
791179 5926831
81607 5918085
801653 5935294
806097 5933491
708366 5965358
789702 5926534
78416 5919837
618875 5858722
342289 5937757
598873 6028482
352141 5939546
541671 6048575
349727 5937927
347556 5938362
716355 6065905
871259 6329083
714341 6067456
731781 6238669
463668 631787
213349 6560421
029621 6385265
469209 6317695
030289 6379864
766282 5920063
868791 5974763
800161 5936016
500392 5906397
643044 5726268
70171 5932918
662365 5960924
783157 5923654
807362 593142
807071 5933614
697867 5874812
793013 596491
702855 6129851
291827 5913478
121014 5906431
415933 5602978
204844 5760133
315594 5537321
196959 5770741
211702 5774104
768066 5985855
763749 5986742
196814 5770468
026044 6382532
333891 5628447
407305 5716326
346113 5839032
414844 5931488
199144 5774741
207459 5751279
785695 5941786
805608 5934341
305496 5558386
787506 5936293
807307 5931924
809292 5933924
809084 5933818
805383 593178
519857 5926438
509199 5832297
608025 5856857
564358 5620391
565471 6060863
375265 3804968
381177 3807228
331223 4269936
330968 4269853
332194 4269856
332084 426949
332439 4269194
332125 426784
337595 4264727

