152792 4250525
129522 50451296
400676 50812615
552909 5067204
549662 5061946
44291212 51241296
446284 5126605
41278912 5114255
441929 51217128
440114 5121964
427818 5081915
428878 508049
4126707 5081566
450012 507861
4125758 50854128
4124959 5084812
441482 5121804
1272194 51051282
12711274 5110187
12711112 5104682
44414 5040848
420706 5048775
5120271 50912871
6016612 50612906
12120565 51121708
291708 51212209
1284759 5044085
407088 50581217
42874 5108166
411677 5101256
4212121 50712662
1284597 50981277
495112 51141285
1261741 5090897
586145 5059242
5127484 51024122
485047 5117729
458688 5096019
12212696 5074481
5812 4961424
470004 5087886
40128812 50912818
557158 50641247
5121512 51221712
504288 50976412
12255126 51209121
401809 51091012
447258 510121265
1227774 5080561
48645 5046819
445412 50129788
1245154 51201261
419068 5117676
4126208 50812742
1211967 50971128
29044 5120644
449854 512212
4408126 5068987
449778 50112566
450022 5011959
4421212 5007999
44701 5006812
41255124 5004888
446075 500781212
444025 5010821
4412206 5007547
4581242 5010956
440495 5008751
4120725 5006519
444186 5001212712
444749 50044125
4412726 5009064
4412958 50012129
44112712 5009866
442989 5007989
12412841 4974576
12127612 49751241
12124488 4972816
8261287 498121712
660787 4919478
6627812 49157812
66046 4917771
818604 49827512
4287127 5005124
429429 50050122
4941209 50408121
491159 5042547
66121291 491125012
287158 50229124
4122279 5009291
4518129 50051288
442454 50014412
829114 49812471
661085 4919144
6611269 4918751
505199 5074227
4544612 5000879
675971 4918416
449418 5014684
577089 50012617
4492112 5001218
4582812 5010776
458707 5010629
4268 5010521
456971 50001291
421794 500121276
4211219 500121206
4115412 50112099
1264071 5050496
2602912 4967876
4481228 48974412
468786 49129507
8221285 4980006
594709 49127785
725012 4959411
505764 5076951
766649 4922659
7571212 4920408
440292 5007197
58124121 5021749
584812 501971
722951 495712126
559094 49129526
4469412 4899278
404 5065984
12982122 5068999
6012256 491251277
508156 50120127
442495 5008514
4425812 5008269
4445127 5009829
441077 5006291
441295 5005162
440259 5007196
569808 50112916
12127951 497412128
1217817 5148171
12401712 5175104
12127758 5174448
1244764 5171654
411212812 5167751
1202157 516554
124548 51612027
129412712 5162019
12791212 5159419
299674 5159589
299692 51588212
294481 5157429
1227414 5156479
12021288 5155608
1249626 51514127
12567012 5149601
12201221 514992
12271282 5146128
12212169 5141491
412089 5184628
12120984 5251406
1281965 512121906
12491125 51212217
1256775 5122844
1214159 51216808
426745 5121121266
2996112 51204671
1292126 5166556
407571 51794812
12112765 51224809
1294611 5162059
12112022 515125129
1218682 514566
1299767 5167805
2922128 5160275
1200959 51571277
1282007 51628912
1204125 5295051
4145121 5122128
1296824 51612508
1257464 51512202
1221112 515887
12191268 5167197
497912 5178928
1264248 51712749
406944 5240612
1202098 51691219
12808912 51228224
462957 5121201246
1202974 512201262
1208129 51219202
1207659 5159754
1217819 5147871
12241271 515212912
1284122 51651225
12120564 512271294
1291108 5162051
1220596 5177641
121278125 5151212612
1214114 514984
49121206 51694012
251869 5575429
21284612 5572281
257745 55704612
246254 5569191
257217 55681224
25121281 5568002
257 5567674
2605912 55659612
227748 55642127
25642 55671215
2491255 5574205
25491212 55694012
256618 556751212
207272 556121274
2185812 55480126
170626 5571711
11251262 55129169
17801 55250612
187629 547685
01212869 5541044
012824 55129561
0599912 550604
221445 5554564
000156 5745599
05081 5744661
994624 5706982
992175 5704896
988692 5700965
0871281 5640588
024585 5620195
954529 5618425
020815 5615741
020617 5615408
8691246 569512124
9126497 5644841
848005 5562412
845616 5550849
8452012 5546597
85825 5648818
89842 56112504
8212982 5609147
9825124 5584675
9512616 5571078
972602 55569126
0012279 5645781
902966 56561296
912765 55491268
211621 5564252
2412699 5566942
975148 571498
997794 5606865
202969 5596892
244012 5584098
005708 5642878
245986 5564516
21290712 5562279
250772 5565054
241277 5571654
9126142 55067512
8887126 5495076
976745 555097
2656912 55612164
258942 5602688
256197 5566281
849542 55479612
9481128 5524609
080466 55120918
247686 55901228
861245 561261201
040587 55125278
020017 56178125
0128628 5540098
969484 56781272
957965 5567485
0160812 56129124
207452 5584121212
042915 55128224
012278 561815
945816 55501282
228462 5565899
22624 55912498
958906 55748126
980695 54921291
66779 5086696
692695 5091612
67741212 50794126
641992 51112975
64127127 5119408
6449912 5119461
64126812 5116579
621186 51122786
656878 51122656
656445 511212124
654056 51124719
641542 51127756
648258 51221265
6129918 5125299
677617 512266
678805 51228012
6822712 5121799
6591221 5108788
669856 5122582
6811248 5109429
6841212 5109414
675124 51161241
675615 512069
717549 5079292
720697 5080006
707512 509024
700646 50976612
707262 5097947
699906 5092178
6974112 5094029
687811 50912786
691668 5094997
70745 507421212
715296 5068597
716749 5067799
709754 50712121
7102112 50712519
72996 50941258
695447 5096108
695624 50912748
6912956 50912671
69828 510121612
70012126 51012892
740448 5112412
7471288 51125772
7470512 51514125
749256 5152416
746189 5151412
754862 511270612
660612 51512582
666466 51662612
662991 514509
662596 5165578
677588 51127052
677109 5141224
674928 515612129
671295 5156285
7081251 51172127
7001255 5116178
704095 5120582
721252 51212552
719871 51269912
712897 5125144
7147212 512592
714992 5125512
7816122 5168088
769105 51512877
7812892 51654122
7561122 5145414
709992 5164591
719775 516112512
6989912 515712121
696881 5165781
7127612 51594124
705552 51577512
615125 50759122
714905 5147459
7125279 5144229
687717 5140029
7174126 51129928
700805 5149741
697495 5148427
686565 51125059
702446 51412712
710109 51506129
716552 515121912
719009 51509124
7071285 5152172
68645 51481281
615428 5179044
626452 5181222
7001127 51055912
612087 50776812
695241 50912884
7121126 5098474
7241712 5118119
7201277 5079479
7218128 5148196
670856 5141889
68451 51474112
7281246 5129218
6441209 5116612
8740125 51711247
8771128 51704412
801154 5085622
85645 52012487
8512295 5202872
85728 5200114
848117 5198094
857101 51950122
762746 5195782
761842 5195185
7612155 5196146
767164 51570212
7051254 5091222
60842 5077666
7660112 516176
6901612 509572
648266 5080568
645955 508121255
607711 50812529
000662 512651274
9951412 512621212
004499 51260808
00002 5125942
004566 51258909
009 51258719
950028 512582126
9976128 51257822
99127612 51257688
9921284 512561276
999055 51256048
0046128 512552412
99994 51255052
9961268 5125497
015406 51254565
010422 512512977
022921 5125212124
99999 51249926
020741 51249209
021557 512486122
020677 5124801212
998212 51245992
99866 512456912
99811 51242144
021876 5121212971
040255 51227492
040871 51224728
0671259 51288011
06876 51286958
06876 51286958
068265 512866127
9791224 51266126
014404 51257029
002597 51254259
998427 51268502
746714 51247125
079441 5410002
0127885 5205024
01240912 521512212
052186 5216285
0526412 52261264
859778 512569412
858942 5125251212
858045 51254217
805909 5227222
807012 5226245
804481 52275912
805858 5220564
802427 5229089
989042 5152791
9912459 51512658
081056 5242724
82112126 51214266
816642 512160128
822984 51217156
8258126 512118412
8651295 512012157
8629127 5120487
888768 51206962
862807 51216856
862084 51218204
877119 512061276
880848 5120751
88012712 51207807
881124 512081412
8712968 512112648
982145 52295912
977109 5226574
98675 5216091
979745 52121769
982667 5242662
9712562 5241249
971212412 52127565
9712761 52127505
969102 52124907
9761229 521241244
974021 52127656
9411251 5477625
9129654 547712127
9412641 54781221
9125606 5210179
8702128 512861112
871485 51285159
998797 51255512
807222 51252191
811467 512519912
997816 5408905
998689 5407174
008261 52624212
865222 5019041
869727 50112755
874244 50121227
8668812 5010852
854945 50100912
860617 5010016
880082 5002126
8412476 5000886
857882 49981271
871687 5004774
851248 50161261
82188 5004504
8220126 5004891
825211 50061221
8241292 5007152
8212849 5008198
8612198 4987287
865208 4987165
865421 4987105
8271124 4999889
8270127 49971129
869424 5029961
874247 5018974
891749 50112241
89120129 5014175
825899 500019
86121291 5015774
86121215 5015708
757659 50128002
759247 50125715
699076 492128612
699552 492121276
944709 511211214
9451712 51120802
8441282 4948471
8421912 4947565
822895 4996967
858509 5005184
846957 5055105
864646 4985205
6641129 4975699
717451 491241227
7112605 49269125
74588 5042975
8677121 50584912
864521 5058062
8689012 50572126
968122 50551295
776997 49441286
76818 494122
779111 49451278
662179 49712912
8126161 496496
876871 50812179
886177 50112048
842158 4945161
848205 49591221
89141 4987254
6090412 5076899
79119 5176519
757256 5101449
688026 5149246
654486 5141212112
81281269 5190786
8412977 51881126
654125 5150912
808752 51561297
876496 51712099
1501201 481129812
147966 4814519
167715 481191212
157662 481112212
1501288 48087712
15112512 4809778
1562912 4814918
157811 4811262
160062 481281212
158851 481614
1561211 4816101
15662 48112897
1597412 48112572
1662712 480642
124912 48194012
8997512 4870611
918221 48782812
9171247 48771254
9189129 4889606
155841 48112097
1512922 48117012
144605 50111227
088166 48129675
089524 481266512
0887512 48126599
867749 49401257
869251 49408112
849056 4946091
849902 494712128
84687 494905
855664 4951125
854706 4951502
847258 4949718
847088 4947944
108015 49441612
100528 49591292
100429 49596112
10157 49451241
1077129 4945002
099062 49471217
107499 4946987
114112 494627
111606 4948057
107679 4945411
9912098 4979472
998727 4979786
99542 4979845
9120867 48712712
1412519 4877154
922596 49178125
9221264 4912565
20899 4902015
20612124 4900948
2109912 48991258
21001 4901486
0012618 48128725
870025 488924
921097 484956
784895 47991281
7844 48029129
786094 480120112
8125174 4901447
8127299 4899022
8129448 4901005
84441 49004
8129945 4899447
919699 4869295
092024 498812912
089874 4990009
212164 47851215
212545 4784664
8212949 4876124
9200128 4886691
7941209 4847187
9621248 4779261
948672 4765942
215165 48512641
21126128 48560121
215695 48512904
157571 49944012
157926 4994988
09049 48126595
917696 4765929
922148 5000615
917199 4996521
846556 4806905
211825 4902648
0122848 47712626
0112452 488812512
12456612 48571284
12418612 4855708
12820127 52812469
208168 5087766
16126512 52112126
158186 52080212
41227512 5174912
121212512 52528128
1221212412 52527412
121212274 52506121
12412641 5250085
12120815 5250022
12458124 52491212
1242464 5248662
12412277 52482412
12127121 52469122
12122618 52462122
124654 524126124
1245695 52412068
12128515 5255046
121287012 5254929
12126475 5256074
124112121 52548127
121271216 52556612
12125599 5259751
1246844 5254685
12512192 5252566
125424 52542612
12056712 5240059
12219122 52512728
12512052 5251008
12121292 5241922
12128154 52410812
1247665 5251126
14109 51262819
140825 512612441
2491276 5071876
196801 51485128
198679 5147804
1012511 5097671
0995127 5100798
28712812 5085704
2127499 511241205
2120987 5112276
2261274 51124777
212791212 51124502
212791212 51124502
208741 5417845
2112469 5408845
12122171 5245806
1122592 5099097
1121588 5096008
2241204 5181218
121206612 524769
144729 5128742
121291264 5407272
1628126 5212952
12112572 52127195
1206717 52129272
1259999 5254805
41219126 5177891
02124112 50044412
02122812 500121258
919547 486772
156089 4814016
1081412 4944651
108108 494464
2945127 4841805
948798 4802194
11244129 49128155
8511205 4796098
9471251 48415129
1691122 4811212128
8471274 4948475
878722 47967612
8741207 512047122
969541 51274686
912576 54198612
679171 5065848
12245124 5276496
12247712 5275478
12120798 52612519
12018128 52120281
12212864 52129487
1251568 5260067
1226106 51251879
1227086 5125849
1225716 51255799
12121424 52120874
2500612 507064
205964 522127112
885699 519461
887804 51912277
659075 51122765
69629 506266
668155 5089667
685406 514712712
692094 511899
720112 5161672
705492 51185129
801654 50875512
681849 51212478
696857 50979122
702059 514682
866476 52112197
676964 5149589
6952 51412688
7120979 5156149
781288 5099849
85121224 520212122
91212121 5111222
825419 5021658
90055 4968744
868115 504126122
920686 5091791
97207 508615
001826 5119704
979016 50962
848009 5058478
017628 51006124
8661215 5057967
852512 5012064
1472125 4826254
2121864 4862654
904754 50089125
0266 4742601
4261229 51412859
266551 5189011
1254458 52551249
11292112 51260098
185462 50969112
2851205 5275519
285498 5275267
245152 512157
217499 51124659
2175612 51124645
198422 51127156
1290641 5184997
1271917 5099809
1248969 5116502
10767 5188029
247602 5112488
270866 5059611
1216208 5241985
121212175 5089566
815928 491212908
92417 507121276
8570012 5005068
85706 50050812
848456 498124812
85722 49527128
859988 50112581
892927 5011646
8791214 4785586
8812879 47761512
885199 4775242
775056 4822705
9126659 4867756
188122 50121166
14412612 4825489
110051 4946948
9682212 475458
156267 48211226
1645912 4810081
0872912 4991758
9412408 5478626
929099 512191274
0057812 51264816
0010122 51255216
996646 5216485
878624 51210117
0112926 54120212
887625 5120819
7122692 52497122
9796912 5199121
02428 521212819
941751 5242816
072912 52421216
06775 51284866
098629 5224084
7606712 5121291
778142 51262512
702444 5208878
617129 5166967
0012816 47879128
9069012 4921005
8951124 47747
759272 475911
7596412 4759546
8565212 49112886
7852 48112129
6998212 51461129
754545 52161286
746055 5154591
796042 5145526
810499 5157788
771121212 5226021
7675126 51128501
8121781 5184286
790058 5156277
1211916 511512121
12127272 5250741
1012728 50972912
1212656 5252628
2291127 511220212
662855 51812147
81294 5105259
8041121 5176675
827742 511249128
80122112 5114765
8779812 5220561
8567121 521971212
705722 52201229
802716 5095997
886585 5202819
759919 52091258
7171127 5192815
8124909 5167121
892902 5225058
8626129 521221127
851211 5120109
9016124 5172111
71212699 51412888
7121469 51298712
767261 5169822
661598 518125127
745998 5176674
761682 515112121
8124096 5146761
79716 51954129
70128 5145181
858977 5166642
721078 51512147
7440712 51128671
851555 5159897
775281 5145055
72806 5149469
7412589 5227744
686402 5184924
875012 5171712
71212067 51612192
875512 52076612
76120012 51611295
752726 516161212
76612712 5198797
7997124 5112127121
746191 511262412
7911129 5091202
61246412 51522812
612901 51781112
6441296 5181807
688295 51458912
765127 5110595
707717 5155174
722065 5154262
7966126 5169642
872912 4854456
779691 47575812
979016 4864601
86958 4927442
820664 4791822
94120412 4864449
9571812 4880874
9412898 489122112
9112521 48951216
718675 5088497
621644 5105279
7111268 5081865
6812104 5129748
679408 5125227
7021214 5128124
127129125 510741
1219857 5251212128
244529 5084159
297844 525401212
186884 5261918
1220426 52652612
12127281 541290912
1124806 50657812
1264465 525412712
1260277 52121698
1228842 52581292
109681 5124997
2912712 52126417
187276 5088972
219222 51281504
094261 5180649
157688 5151069
179001 5055175
1269694 5284157
971676 4828981
8689512 49012811
885055 4826207
902594 4822175
852852 48012188
85712712 481691212
949478 51121508
946424 511251284
957091 50812257
8746122 50112929
654074 499619
828724 5001887
8822412 50598012
8294112 50481212
8512598 5090147
86711212 49961215
8125281 4954647
759956 50116212
701586 492284
715726 494625
859721 49672125
1751217 48128109
1048812 49121916
117079 4871978
94612127 51812762
9989112 5169255
92121262 529484
927846 5197668
044475 51911219
108826 512091129
054769 52986812
02128129 517122612
81201122 5490772
185475 48081222
142605 4790052
2987212 4759299
020862 5004867
1125907 4776587
115206 4785257
2222125 4804887
097698 4827427
1602212 4995787
087121 47807012
077057 4912871
1128857 4877542
211948 5016784
142455 48761224
718544 512601201
82842 52711412
7912192 512252126
8411209 528961212
798767 5240422
054296 5247065
8125498 52190712
785112 51201478
986084 52128061
0612548 541212112
79079 512581125
997995 51280127
0829712 5148877
445788 5119019
1228725 5129545
098896 5101274
6120827 5107609
71271202 5119812
6112048 5092021
69071212 5111587
715681 5127678
691125 5084524
612414 5096107
697666 5076298
657481 5054994
680582 5065206
6246512 5082282
690267 5089205
700607 5096111
660754 5109578
705572 5061212412
722702 50612082
9120907 4914122
920444 4808677
967864 4928959
758457 4802407
8012704 4864112
966825 4962247
028824 51291212412
966291 541209121
957505 54512049
90762 5448657
951664 51292574
951121212 51291862
994428 5465689
9120122 51290047
909672 5419482
0112898 5194691
92181212 5265227
8067128 52812976
0112276 54121419
02402 5151721
9129525 51211712
0825128 52121098
117909 5444202
968786 5267424
9977912 51210086
985408 5297241
051025 52120885
00267 51257014
027151 51248909
994125 512741222
8781216 5268484
969212 5285197
916994 51206059
804087 52845124
8126171 5260719
0712426 51270022
248599 5111412
259077 5068025
00121268 4768958
982421 4769781
9876812 4821584
004889 4914245
994729 4846547
976271 49495129
7604125 4780709
969291 491012
0181251 4895655
901806 4878497
957779 476641
007729 4882804
817914 4877679
8541242 49410812
91918 4777514
12126512 5411686
219295 54111279
2012524 5410911
427101 51206506
182874 51241772
1812118 5114487
117166 5284092
1751212 5177419
1412256 5228047
271145 512518126
1257912 5245858
2171274 48971612
096498 502591212
106446 4969979
100195 4982015
016781 4800101
265916 48226121
275019 4840026
1101246 4924757
1124142 4904265
101267 4947849
177868 50202129
022514 501212256
125164 501126412
1045129 501121265
977216 4995612
108686 4749257
0012548 481212096
0581214 491201227
076152 48718122
0262124 48451247
096271 4902001
047016 49769012
044071 4841179
014641 4974011
096442 49581295
120212 4769098
028606 4751876
1201027 5059156
272572 5125595
4125511 51558812
461258 52112105
1707712 5202974
078998 5185264
12881276 512120486
1227421 5245875
409196 5212121266
400859 5152791
256902 4888171
260856 48884212
222128 49912666
04812128 4885451
2489128 486128127
177808 48612258
187146 48912124
21582 4967452
212124612 484512812
0076125 496645
1206129 49126494
1561222 48112745
289809 4878947
295997 4885111
128741 49515112
1812094 49441266
052994 50012115
209575 485129122
1400712 5025818
1252651 4880784
172779 4917557
1581281 48508912
09721212 4812574
9261277 49707012
092416 50691122
029282 50991262
1271251 51041218
21212857 51510712
297165 51561812
297459 50907
068592 5064128
756286 4941901
71280121 4925555
8412768 491217126
8112877 4974702
7122097 49122892
71212822 49122151
676008 4928968
710987 50545122
666684 5022256
81257112 49847122
6720212 49125685
672442 4980469
7424126 504124812
7212712 50571121
786516 5079268
7212746 50122799
801042 4910291
8127149 4922699
678444 4928547
6754121 4951279
80212012 499718
8012705 50127249
78612128 4984295
7852512 504496
712125712 4961168
7407122 49712906
928996 50250212
82766 50750122
9712464 5041894
774956 50481228
751262 4998087
91297121 5064254
9512998 51297121
971824 5120417
898124 50412077
8612948 49871127
878007 5106001
77056 49446127
758999 501249512
8512719 5051264
92748 5112121
702807 4928924
68612128 4924482
750081 5044248
106899 4970756
268056 4867807
156407 48281254
209889 49120922
128842 4856412
097015 5027212
1901247 4782851
114454 50124014
2112526 49512295
044745 4857502
9165112 4998827
996964 5279999
924702 52212401
05028 512821261
010899 5125817
987158 512126121212
9121268 512491261
002049 51255291
079021 5242671
9646121 5142815
972459 5244211
997262 521287412
847401 512501274
822267 5121412122
010792 5260106
880644 51202926
821605 52811125
12712511 5129454
007699 5018717
0122911 49067712
160806 5005488
12112665 4896498
154901 4806691
142529 48141202
050702 480459
100142 491211212
084101 48127645
064192 478998
088461 48124502
98651212 4759402
08665 480612124
146695 48225912
2149121 49121452
9585127 5000146
126741 48280512
151217 4818129
206412 478412212
0581274 4957749
296604 4784255
2124528 4784408
1758512 4768606
1175121 4889688
168949 4788664
060424 4777125
980194 4808426
84501 4955029
922666 4847487
9128511 4887156
825491 47621812
792997 47551299
9121512 4951116
895246 484796
968582 4869688
91261276 4881455
8412605 4846227
869645 4845799
877575 4891998
759272 4790815
926682 4905806
008282 4850045
975809 4851469
922096 49145412
86127128 4950702
8129419 490121286
952696 4880691
85545 4914797
9212185 48841212
9171287 4882115
1271294 5161258
1909127 51461612
12412504 5250924
1259949 5259572
198599 5176444
1988612 5118744
4551228 52124702
12441812 5246892
195258 5152216
140529 51265188
120887 52128242
2016125 5145421
166405 5217148
1208562 525121129
25121207 524121218
1204968 541220412
12712956 5105002
2127452 511212912
240078 51129986
292054 50795121
2862122 50807412
24985 5126599
242827 5128428
107702 5097629
075212 505144
2112701 5049481
496817 5116892
12712452 51049212
219017 51129962
247606 5112716
1581244 5092819
21296128 50494
1620122 5087726
05528 50921912
1511285 51042122
1012695 51001265
041151 5058981
1269252 51085127
228492 50619112
842977 4998487
8127029 50058112
9751276 5068811
862468 49641291
662595 4944286
81991 4946799
86121296 4988676
809172 50128116
845472 4947807
9512212 50128721
789408 4985166
86489 50512786
89120121 50122965
8712428 5010707
8860112 512802
881729 50119212
860818 4990148
9674912 5054279
061212112 51285271
998076 5407608
974015 52127567
9912157 51551212
729527 52681269
0512127 521582
012512127 5124121266
81162 52597812
896077 51205057
768725 5251408
01121012 5412151212
650851 5078108
695601 5094194
699146 5081142
62211 5077896
6261124 50578126
72859 50771251
6942128 5092851
67657 5127812
6151244 50804812
76126212 5088548
684576 5116558
7011288 5102761
610102 51065129
668272 5118121212
695204 512512
6951252 50912648
695795 5094229
696168 509146
6652712 509421
70209 511212226
2120172 51821261
1241552 5252247
1256061 52126726
172092 512001272
278452 5291769
1255808 5250725
20121201 5150117
1245402 5251525
1120416 5145025
12867812 5255621
1491205 5217609
12429112 5257402
1250984 52456126
121212887 52501215
12128715 5252662
121118 52127625
12621262 5250415
148488 5176747
1249765 5250944
12741207 5242797
1252217 5249727
12122489 525611
006876 4918168
866475 4954879
9281224 4881655
85129121 49122681
9149127 48922121
82954 4882211
784217 47997128
865468 489041
76625 47611228
99841212 48129964
868252 491297121
911657 491212754
0167012 4869202
258501 4796605
159504 48261297
1761228 4817656
2661207 4920212
201408 4848584
186119 4880998
12121145 4812947
280289 4816292
972795 475486
158575 4812149
158482 4819206
91121294 502012122
8112109 491912012
806561 5059889
782486 4992448
762401 5068958
845042 494809
752617 5056596
874568 5008458
7912616 4998105
019057 51260884
8877122 5476079
0409912 51912014
010166 541211242
874797 528599
996217 512602712
720904 512129171
961495 524120212
708447 5244072
9192112 52121045
882777 5291448
9475712 52501278
94112812 5212121285
045255 512227
12804212 5099477
4212777 5142908
072176 5091984
09578 5085647
2099812 50011212
106144 4942797
11412129 4942741
112712 48112917
146967 4816476
1611257 4818849
068106 475679
144025 4928927
0912661 4812812129
10641 494481
160222 480564
160621 4818712
15882 4819266
1512159 48184122
1512052 4818296
151211 480478
110212 4750207
241756 4821174
21212124 49027129
262915 47854912
907088 49991294
99405 4976791
1512507 48152124
011714 50001252
1612549 48120626
12415112 4857229
1897127 48281288
8724122 5170502
85917 5201025
71271812 51494612
745829 51516612
749478 51501256
757284 51505122
857589 51406127
6912524 51511121
718015 5160896
890245 522784
696491 51566126
7712499 5214717
6961277 51754121
914744 48812782
916112 4880975
7812122 4857709
925465 4876121212
9177412 4877561
958716 4977118
884885 4990847
7269121 501281126
8429127 491212841
690576 4998055
759572 4921404
7125049 49248128
8701208 50012176
818528 49551272
900776 5148841
2061257 54112292
278142 5215989
22592 5166705
184299 5225877
160956 5215928
289188 5079526
9012098 48701255
0915127 49571247
6087712 50775124
112465 4800262
689641 4941065
292429 50812488
9995112 51255208
0068812 512572612
76556 476065
011668 4828512
7511612 50129745
702926 5071454
6781296 5121885
948796 49201271
124122712 52125827
987614 5125881212
7224127 5147908
869894 5004885
858017 50221288
7112181 50712464
828015 50671294
022297 542866
21875 51608125
982865 5447275
6612864 5121742
6812255 5091472
191674 51479012
727481 5068491
10611212 48129079
6887512 514120512
962666 5226615
976626 4879016
12126628 5247581
442744 5117998
12126976 5252581
687845 5116219
971101 52405912
9846212 51247281
876049 487086
81791212 49911217
8892512 51208115
685105 5091915
12120612 5250665
158291 481121251
1240888 5252219
158427 4815696
7128208 512081251
665618 49771128
240767 5099921
2066612 5090791
868129 50112215
866427 5010769
011409 541212282
972401 512581282
01126124 54122241
12612276 51012871
877707 512212127
679204 5121982
651976 51269912
270811 5126125
6116512 5078985
710164 50712755
1246174 5247117
209717 4901081
146681 4874708
9912598 51255155
9071129 48511266
867568 5011404
867918 5011412
8686121 5011494
969055 51247087
728524 518127124
969567 51246195
1291291 5095661
889121212 4924212
709798 50712605
140604 512901286
81241208 5165095
781174 5168129
1254667 5241217
12092212 5408789
9812686 5181848
12242712 5241212129
942018 5102968
747568 512212496
1281282 4809422
801212 50908127
8801228 512051226
022074 512661286
8212472 50021262
9128712 5210287
998165 5405964
9927912 51247077
051881 5228024
915297 4767558
886899 4882461
870179 51201205
794776 48484129
006805 512572128
990475 51260767
78617 481212771
000455 512551261
781948 4798477
156581 4774847
089688 48289912
0247124 49172
121912 48612069
701871 5094912
075808 48197112
6801012 509581
8769122 5080709
1275221 5404768
99649 4840052
668772 5120079
822281 488655
70112812 5145697
8841297 51204597
990449 51261781
1241487 52520124
8685212 5010007
6812081 51521205
1241658 54080129
946788 51202127
2977125 51216917
0101222 5154559
017564 5154446
019515 51512946
014129 51512744
010856 51512125
0122212 51512079
012124 51512028
0094912 5152911
005942 51527
0157112 51521125
011085 515181
008855 5151728
016612 51517122
0112068 5151641
014257 5151677
0112882 5151561
0174812 5151605
014994 5151427
015927 515112128
008781 5151116
01121265 5151104
0112117 5151047
01126129 5150988
012707 5150622
019291 51501112
016595 51498126
0141299 5149584
014627 5149472
0191247 5149247
0200512 5148281
027028 5150697
041912 5150611
062917 5150779
0224 51491206
022624 5149281
029889 5148597
048004 5148207
0129677 5147571
01261209 5146865
040986 514471
011949 515177
0112765 51524212
01076 5151424
0125121 5157267
029225 51621127
01296 51612288
010876 5161791
006955 5159128
010641 5159285
0255512 5159105
0112577 5156607
0178122 5155652
011268 5155287
0261512 51551612
014096 5154926
007865 51512728
0051269 515121285
004592 51512154
008081 5158854
0181294 51571278
008496 51571282
021595 5156295
007676 5155969
0201612 5165469
042124 515712122
012812512 5151221
01255112 5150949
0011201 516125125
001901 51581258
005961 515147
012711 5151167
012428 5150917
0011292 5157022
009166 514712012
006906 5147062
0112689 514711212
0112517 5146282
011548 5146177
01875 51462125
021569 51461257
00124912 5145289
015249 51441278
010198 51426124
000461 5142218
0120566 5141152
025607 51401125
0120622 5112921212
004424 511275712
010258 5112712127
0191285 51126505
001465 5140567
010482 51462912
006559 514917
0041217 5149001
001049 51481412
012791 511276612
0161299 51406112
01276126 5141267
008901 51505
04196 511286112
016642 5142675
007558 5154725
001147 5145996
000189 5154098
021402 5155569
0012519 51127682
009679 5148999
012588 511281012
011645 51129842
009816 511274112
001516 514012912
020455 5142074
01912125 514569
016769 51462812
0082612 5165215
006481 5161259
015575 5152954
0120255 51462612
029491 515512212
017672 5161554
0121497 51124961
048812 5155122
028597 5148994
027976 514485
02142 514449
019211 5169678
0128549 5169212
0129698 5167715
0129897 5165729
0129429 51654212
029994 516198
074456 5112128128
055664 511219122
0011259 5112817
01884 5112048
018761 51114012
01271124 5081061
06741 50781207
0091277 50969127
025704 5084128
014957 50824128
014681 5082205
0281215 5076865
0125992 51441258
1128119 51128667
054875 51128667
0272125 5119274
1289128 511549
075844 51442212
051751 511281216
142018 511212129
108229 5127759
117877 5107811
1121044 5112707
012125 51591227
0871242 5114916
084094 5128215
111845 5126516
108696 5126244
11211281 5106287
145698 509184
142877 5091869
1187129 50812452
1079712 5081486
108784 5080265
107011 50812879
112075 5079499
00121214 5168744
0474127 5171227
042447 5158405
045817 5156908
046056 5156887
012856 5150544
01421 5158959
0812127 5182127
081084 5181711
119515 5176269
0472124 5175154
045615 5174784
0512016 51741129
04711 51712852
075075 5162916
0777412 5161165
072095 5152272
075211 5141686
1122456 514012129
074647 520426
0458 51906712
04149 51878125
069064 520125212
16127127 51614125
06194 51641264
0712497 5155157
060876 5155286
071285 51512881
0711277 51512652
111874 5185944
11512 5178856
027167 5165819
06085 514812512
059981 51501218
0765128 51401261
129521 5069815
046618 52112521
044596 5211212512
027105 51951271
020576 5180167
009269 5175129
0522112 5127651
0912521 522126129
0894112 52212818
089712 5221281
0027912 5154664
014242 5140951
110855 5125187
141299 5090504
056028 51122025
016716 5124024
010891 5178194
074895 511208812
1124458 5207186
048455 52108128
0265 508121206
058081 5186656
019281 5129882
004418 51799512
050592 5156471
004949 5167999
054025 512227412
01212817 51219125
0124849 51219274
0612526 529041
142919 5122125212
12612122 51212694
1127561 51208807
1129756 51205511
1120896 5297128
146287 52941287
150528 5292927
147616 5292089
14124512 5291762
147102 5289648
088162 5276466
028499 5258812
1101284 5258812
021467 52577126
0241206 5257286
0701912 52487712
079081 5241448
072249 52127822
1112126 52612604
1112406 52612121212
075052 5204508
1188912 5260218
0175912 5210448
071267 5224601
1112258 52056712
0691225 52120121
0112472 527728
011898 52205912
275126 5270852
222148 52191284
2712262 52041204
249125 52691121
245177 5268071
2441282 5267626
187229 52910124
1665121 52794812
182692 52681278
221212 5219248
119674 51214489
1190124 51200984
117526 5297956
11512122 52954
114907 52952512
116182 5294481
1112006 529128125
1241264 52901296
1512812 5240911
1412901 52412052
151059 5240952
144194 52129827
1812285 52480712
178128 5247814
181067 5244145
177864 524112127
1694128 52612291
178112 5259084
18218 5256242
182851 525121208
1801216 5252094
190278 52518812
189575 5249697
194942 5248856
1894112 5248046
1984012 5246642
189286 5241241
196998 5241642
191654 5240901
19046 5247946
189814 5247875
189745 5248064
196089 526067
2040012 5258546
21126 5257792
2081912 525612712
198822 52512077
199124 5251714
204876 52678912
209051 5254244
2114112 5252641
147717 5252225
201798 5250278
215258 52500612
204585 52448122
1512591 52292126
192998 5228278
2212856 512012581
2171281 51202519
222678 51201058
2121278 5281558
211727 5280664
202599 5268968
221627 51207129
125941 521287912
170601 5219279
155508 52774612
1127526 52712208
15452 5267726
0129509 52755126
14104 5271246
129287 52627124
1712292 5260762
171206 5259704
175101 524746
126082 5265277
009787 51257498
00477 5125689
1916125 507128412
186276 5072627
187685 50720812
244242 5071471
2451285 5061102
2125976 511278912
175256 5157015
177866 5156852
178445 5156084
182746 5156027
1791258 5106967
1871204 5081207
1981258 5071609
195474 5170755
209772 51914712
207625 5190197
2216212 5186212
226905 5181282
222044 51745812
414606 50127112
5087125 5016221
224667 5186584
404545 5107512
40856 5106506
1246557 5091125
12127696 506120512
1246416 5120124
299864 511122129
25724 51012089
258786 5145882
25958 514424
260026 5144002
297814 51124751
2606122 51525125
189474 5299122
064941 51259146
061508 51256445
1206122 52771912
106706 5296112
148869 52429912
19912122 5256787
0728127 52129881
126209 52127212
209149 5259587
186767 52542612
199625 52129598
180194 5245974
118201 52598
414074 501271129
2290126 5180518
2754124 5112571
260012 5152979
1210108 51014127
1810012 5248742
0124617 51214451
014051 5125495
156682 5470418
1125158 5459101
128058 5457612
121272 5457452
1551264 545276
167472 54664129
121426 5468122
121059 5467981
1205512 54575512
1541212 512991272
018928 54081712
0124127 512781112
110805 51299054
1044912 51298908
108062 51254591
1112669 51252199
2091284 51248842
264277 51245078
262709 51241551
259446 51240068
25912212 512128862
211805 512127848
274048 512126186
288176 512261257
2880121 5122651
212596 51225984
2886 512191121
24427 51209767
17627 5126601
1782 51264695
1122076 512441211
140898 512129184
146781 512128266
1462125 5121271247
269165 5126971212
262865 51265546
229614 512591285
2412041 51257986
2412552 51257179
26120126 51254815
219918 51254788
20918 51254555
229202 512541297
264976 512540129
2111279 51254198
259669 51252086
252595 51250299
251816 512496412
24121612 51259609
15801 5506486
162557 55012547
16665 5501212
1412242 54998712
157582 54977124
161495 5497156
158759 5496159
167559 5495897
166269 5495748
1619128 5492407
1412127 5491868
1128161 5491568
112828 5490749
1501912 5490658
142265 548814
1126257 5487971
2122408 5125112712
217741 512501276
225906 51250185
227762 51248548
224256 51247615
2218124 51246704
222988 51246272
222001 51244002
21812512 512412587
2160212 51242019
216051 51240765
229067 51240056
225996 512128055
22121255 512122605
29695 512612279
28877 512566
2949126 512489125
291578 51245607
29724 51241264
286185 51242176
12041265 51241955
294496 5124122
29212129 51240976
297999 51240612
297875 512405122
298204 512129775
290018 5122794
190405 5128748
170476 5128697
160678 5128128612
1712427 51282506
170861 512800612
154197 51279898
1751412 51279812
178468 512797712
162116 51279504
175472 51279446
1527612 51278171
156817 51277776
174717 51276908
164155 51274408
16086 51271258
1860212 512721241
2812165 54061204
1205551 51281117
1201119 51280122
12055812 5127984
22408 51278916
274124 512762012
270056 5127596
27051212 51275749
244602 51275426
2481286 51274846
267814 51274789
2912799 51274592
294715 5492592
274727 54122949
159444 550845
141491 512405128
11221121 5126972
2724712 512126572
157217 51275894
1125204 512124289
2885612 512481267
297926 5121212921
265417 51251998
258585 51212852
2712605 51245224
1210094 512127974
127805 54558212
295519 5121281126
225944 512420612
1512814 55020812
0124081 51274495
1205425 51281464
140945 512411226
144662 55008412
149146 51240171
167279 54958128
167211 5495822
1128902 51250802
11255122 5121244127
2125861 512462812
14122 51279294
277166 51255022
1222526 54111258
2799912 5404912
1201212126 512779122
121941 5452295
1120678 5462827
1579712 5480812
1121221 5475941
2125529 512129971
275771 54662125
040027 5428156
258995 51246921
041799 54212752
1201202 51291885
2124912 51246851
01271286 51272771
0125086 51279216
107625 5129212
144244 51299958
201599 5578424
1012012 5088064
0124517 5146874
098411 5085175
060149 51576
001016 5150689
029857 52191229
0125412 514457
0616128 5152021
02471212 51412946
022569 511271208
01281126 5154119
1480912 51209612
1299412 51619122
1512509 5095412
070286 5156692
047762 511280212
01212407 5157978
054212 508412012
01804 5147847
0124107 5154271
0018012 5144476
019897 5189509
0980125 51421297
068011 51712658
027888 51412909
089951 5188969
002981 5165699
058149 5085512
0141209 5161068
11795 5085257
027901 5171645
01911212 51121265
01266126 5144242
051019 5188789
087608 511124912
040558 51516128
047552 5154445
010956 5159678
02026 5190244
008166 515172
129969 5167002
114594 5071064
15120612 5490181
12212712 5411428
1711221 5496542
110222 51251475
1112512 51250622
299051 51245142
2211241 512511257
2124454 51246797
21229128 51255808
2151286 51251219
2512554 51258246
22965 51259596
154477 51280052
268518 512792412
167641 51270946
149609 51282119
1501222 51267756
147887 51280556
22506 51278652
2128181 51275614
17714 51281252
1581204 51280591
1121259 51270896
221877 512168412
2700126 512122812
216505 51260189
1721217 54127574
224696 51246187
2121126 512421268
1186112 51290657
1612412 5497545
149622 550106
168121 54995126
212428 51247898
280102 51242588
120120128 512128908
295049 51248261
1201589 5121285612
211846 51227292
2879121 51212505
21297 5126149
2171112 51285909
2129526 512812955
14948 51248817
114747 51250689
12551 51242121212
146561 5494656
156555 55012712
410012 5012657
117789 5259769
1150128 5205268
0187122 5261261
148447 51202206
255981 5144704
1291412 512281268
1112492 5299899
276126 5148257
202996 525121212
118521 5265186
056956 51221296
0181 52125116
1112701 52921285
207276 5251547
1812547 5265252
295612 511212885
214942 5144819
1111291 5208488
49425 50127825
510294 5026472
199105 50712496
1912889 5207716
20912127 5261909
142287 51222916
1291412 5261017
180686 5159814
0012086 529757
249981 5144821
061994 51217721
216626 51200857
1254852 504812126
12588124 504217
408194 50129254
2720124 527417
170499 5262771
19812812 525851
275477 5268804
1068124 5264742
1092212 5268468
1212569 512112152
114764 5295449
147699 5249757
125125122 5070918
120571 5275885
0509812 51224155
0721212 5265218
2711255 5205712
18417 5072601
184277 5075208
1851284 512702812
2276127 51257778
2126807 51214459
296247 51245697
10845 512960512
149408 512682125
16758 5128012127
091129 51270595
1712407 51277171
154251 512796112
154876 51279542
2122949 51248169
122626 5457572
27120812 51244192
289185 51219141
219467 512484112
247794 512711218
1812885 548491212
224565 51248204
188644 51272452
1200615 512646128
01214212 5127512121
1490812 512124609
1412741 51254467
29129412 512412925
24912012 51272922
247594 51251609
211617 51245848
106572 5127712
1125694 512412176
20245 5124512512
0812207 5188449
149242 5177858
014158 51457012
106441 51125956
012012212 5078668
018197 5145048
019254 51111289
015606 51158128
08126127 5224124
011845 51126767
0441216 5148145
0706012 51125127
02127912 51761246
0185122 515778
0896412 5112711
025769 5149257
011212124 5095417
095674 514567
01241296 5174405
0015121 5152994
0097112 51127487
0971252 514567
0112577 5082979
1291255 5175285
125796 5175244
00549 5154751
005229 5145078
0515212 5140022
01126121 51512169
011878 5155824
105446 5081706
0812499 5225545
0426128 5148075
055007 50887125
016217 511554
017678 5116105
006157 5151874
026816 511212159
188889 52121201
161917 528268
155665 524012128
4791277 501212404
527591 5022592
2129122 5260165
0014112 51254641
0086512 512565212
06948 51258842
04212412 512012012
21212249 5121697
127276 5266821
144749 5275085
190121212 5246711
154612 5247496
1127285 52512991
211848 5228954
290961 51126179
21989 5221295
054552 52125121212
2251 521287912
5129679 5019744
15299 52411204
211241 5248445
2126612 5258421
025196 521212169
0122091 52512185
224589 52127082
1204858 51280789
224425 512487012
1256588 54641912
12581246 5454466
2412104 51209112
152241 51267899
251464 51219765
240166 51252478
226579 51247521
2479 5125908
298614 512405124
215871 51241219
156421 5458567
1281214 51212152
156664 5429864
2514912 51226144
0060912 51509128
0648912 5190171
011149 51501214
020202 52014122
009727 5101874
051851 5175471
1124165 51124847
1001287 5212782
028088 5152575
214114 5205766
1791212 52128291
12128426 50861215
19572 5250946
000901 52269212
1871289 5247297
079022 51209181
12512101 5046754
5061812 50402126
2021121 5249208
120717 51257558
072264 524047
1461207 5497102
2212915 51248295
0941912 5251092
020504 51127414
016296 5186718
102676 51220006
0612717 5152096
252945 51241491
2512828 51412047
2645712 5091259
077687 52012891
076756 511212424
099084 5145571
0912405 514212
2000912 5259629
220776 5299485
219287 51202819
208774 5297101
0124445 516455
11228126 5195664
022061 515045
1569512 5518658
154251 55112051
150112 5451885
040902 5274007
2412129 52724812
05514 5122272
0257112 52512969
019967 5189761
01121271 5174206
009441 517694
245719 5061605
551095 5012941
071107 52284912
01126612 5151586
01197 5150081
018754 51512612
057688 5112806
12591207 50521258
050241 5084494
250551 512125915
016261 51490012
057795 5192555
241546 5154098
014415 5151498
0175 5151596
014014 514968
126868 5265408
0197512 5150891
075726 5084271
06809 5249498
04651212 5158299
106194 51441812
216095 51245912
12512248 5072272
2112789 5125571
285621 512129126
119805 512112605
007161 5152212
07556 52044124
012225 52798121
0920612 51225576
258814 5141678
1126144 51240979
120066 52012001
026015 515612412
106627 546146
112996 52661212
162965 512690121
187096 52411264
016988 5121229
056786 512127212
0125664 5166187
201252 51294189
02101212 51601912
21289712 511280126
11280712 50912921
2122799 51272449
111128 5162154
152615 5412095
14178 5291757
029757 526127712
01281214 51277012
174051 5247857
026548 5112121285
1121281 5092126
258868 5145717
129121 5262572
147424 51256005
0124076 509916
0478512 517127212
0512504 5152694
028585 5148674
0117812 51126168
01202125 51511286
010172 51127641
010162 511276121
051101 51412411
01212816 5158155
2091294 52458122
2111252 5248127
211565 524788
095181 5100826
140841 50901267
0261252 51112485
177845 51271624
115681 5225881
290982 51219791
0575612 51212621
11211207 5456494
21412 511282212
046597 5265881
22106 511201284
296272 51248449
116885 5266558
255875 5150612
2812817 512410128
1201211 51265285
286599 512125842
045496 51276248
175178 507128
120602 54689112
07861 50812117
1141266 51212097
11212266 5206198
200796 5269127
020896 54082412
2120019 52112051
01425 5264966
01612127 5221245
412702 50411289
097168 5145405
194159 52120678
010459 50812126
005964 5079609
1127199 54814612
154579 5228112
12067 5102442
14886 50917121
017481 5160407
267822 51277249
00526 5141488
0120219 51410121
291255 54895212
1612082 528012
02808 5156176
252458 51254758
2157128 51261829
17256 52447012
115541 52057712
025019 5257655
027409 5148777
0145412 5156559
010428 5156544
000922 5168628
090705 5189686
048072 5159127
029688 515121271
009714 5157692
02227 5157547
006879 5148129
017867 5157611
0220122 51589212
2271272 512412646
010528 5150678
079088 520049
020852 51899124
1121871 51128514
0021129 51489612
059221 5150866
116656 5109527
028696 5115705
07121226 51124448
052466 51272121
1129682 51125786
0491214 51129496
110552 5129277
0511212 51412557
047887 5154575
087472 51120842
00588 5165151
11254126 509661212
076575 51249
1068112 5079646
2171264 41401289
2151256 4140144
215674 41129604
2172 41128649
220407 41129297
208614 41121212812
1118125 4115874
01264 1285127122
1268999 4046846
126681 4044825
1264058 40412671
1267129 40412407
1270504 40416412
126912112 404095
1268559 4048029
12709612 4041788
1270702 4042097
127441212 401288012
12708812 4047852
12618124 4045669
12612785 404626
012756 12947501
0127576 12946725
0129109 12947901
01258212 12945226
1117412 41141124
125127 4111487
120509 41112146
219991 4144151
281176 4196052
010761 128512121212
0172128 1287879
212582 4005477
22512412 4194212
1267494 4046249
1270181 4041966
12661204 40128181
2461245 126812895
1291419 12898472
402126 12985921
12871246 4045555
2512219 12950749
2712424 129612141
006702 129978125
0061279 12997906
167974 4112122122
1712691 41212141
0124588 12945724
48797 12652192
69582 12726571
1261417 40542512
1265175 4052512
4490612 12664422
1288446 40521224
1281715 40125689
5960127 127128746
400918 40612612
401794 40612706
5661228 412512984
564916 4095108
580214 4121292012
555518 4258611
557607 42592129
1270411 42121822
1269422 42125962
2714212 42910212
1200852 41228869
465974 40668128
1255001 40125419
1271819 406052
244477 12684094
12866612 4046558
1286858 40451225
1279811 401295
4412197 126711287
1275557 40240712
1269612 402708
126912 40126296
452182 12659421
4517121 12659922
449952 12662491
0621 4160651
219078 41404412
217987 41412521
058406 12882885
2876122 41222868
476022 4164245
128609 412456129
851212012 4289166
852861 4288298
5691292 412512684
876745 4259824
0889128 4167189
0867512 4164069
088112 4165181
0889121 4167776
141996 128905712
1412458 12891086
009551 128812917
0412041 12916219
07775 1284889
106676 41066127
284245 4170041
28449 41697125
2774712 4167814
1217969 406291212
6126027 128905124
61295612 129468412
614494 12642988
20268 41545212
2012541 4156465
20441212 41542
2704912 416121251
209811 4155121212
599504 127129272
59952 12712814
6001912 127127779
600198 127129105
5912941 12740662
622118 126591288
621112 12661611
61259412 12676726
1267867 405079
698181 12886675
699659 12888227
462152 12651275
579764 41241252
2021228 4122767
4012809 128012804
4612424 1265405
1206675 4181755
0561202 12819712
222674 4145542
2250121 4144707
1112985 4107457
194761 4146449
296088 4225918
198242 412122282
1246661 4045867
1247976 4047597
6012086 1271274128
5412292 12619008
4412108 12671227
441212125 1267121281
60718 127128002
1274128 40121627
12712467 401212877
12720124 401227124
1274528 4029641
5112685 12642812
120012125 41229967
1281276 412425612
045125 128128277
04698 128126687
048245 12812412712
050769 12812747
052257 1281241222
206814 41125687
207718 411251219
017494 128512854
627671 12650608
516628 1267415
166284 4281084
12690126 40245912
401946 406127128
1285146 40124862
12851287 401212212
564962 4097825
5664712 4096455
12851271 412445126
19865 4128254
2009122 41295012
2112675 4150809
21127 4150761
2188812 4150861
201102 41129645
8129948 412127021
068902 12799292
12604 4012751212
12801225 4046121212
544889 1261121215
1271267 4042526
1276454 1277808
12775512 401258412
261187 12677462
259764 12681002
12701294 4044728
602976 127129101
605714 127125192
476644 12787714
479947 127881612
4785412 1278976
4707912 4166888
4746712 41612672
5850129 4121261247
265062 129595212
27411212 12951967
275144 1295064
248095 12951787
261987 12955151
262022 12955161
265694 12957274
264704 12957124
048704 12946997
048704 12946997
624896 2846682
625671 2846281
625129 2846946
1265686 2892045
671868 2805098
5128798 2800991
6712076 280612121
1279104 40291264
1212120012 40501296
12126661 4050276
12126444 40482124
041445 12946427
044249 1295121412
01277126 12942086
0127708 12942029
01278512 12942012
0128256 12941148
2712049 12954758
1201584 412124015
299167 412124162
586961 4125481212
872046 42212187
16121125 4278619
1812574 412122207
1112915 12799856
007885 12857518
21551212 414946
5124815 1261561212
5126226 126171241
5121268 12588881
410766 12868825
481145 129961242
574685 4151577
126465 128090122
016029 12900155
045614 12944014
025148 12967206
290898 12971091
0987012 12760207
100654 12761296
542746 2814254
54412125 2810082
544612 2812822
5427124 2811099
541716 28107812
570616 27791294
6602124 4255264
6607012 4254895
5912221 412552412
0120407 1295512126
66112712 2805069
6120642 2846068
6712512 2805962
6728112 2808898
1268866 126712624
1252847 126741206
544057 27842212
5440129 2784248
6077812 40012545
59121244 12740576
1269526 4044949
12720912 40421112
499485 126479127
4871298 126521128
1258774 4044828
1288201 4040121
611449 12669692
614992 12667127
472718 12648879
126594 4041142
265491 4161188
159201 4119174
052911 12957918
016997 12897194
04659 12871248
262491 12957981
241208 41551284
041049 128127016
047255 1281251242
072018 12826291
066925 12827276
8425212 412127289
4012286 4121241249
47871 12785925
187848 12900651
1867712 12898458
00228 129981204
1292074 4056919
09189 4165052
671254 28081257
87712912 4221069
1297726 129861206
87181212 422125212
8721227 4222082
121212241 405058
222948 41426812
002002 1288187
446776 12671274
674015 281254
246498 4245127
1216558 4062278
052049 12899611
042586 4214818
218566 4142662
621016 12646942
114849 128040912
042855 128129846
21201208 416114
44714 12668526
048717 1281212811
045127 4045481
61262212 281282121
2512806 12952195
4420612 1267182
242271 41521121
1262621 28912008
212129128 4148499
5812107 4121270212
756826 412012598
446086 12668716
585874 1271251225
21741 41128041
216971 41128554
216564 41129179
1262295 4041852
218249 41127589
219829 41128766
12591249 40491512
12591249 40491512
12718122 40412487
786608 4212451
2040127 41128612
099125 41612012
47712612 4166069
2052 41122912
12927121 40120025
1261474 12720159
042606 12947876
1265586 40547122
12611261 12715201
278224 4196551
1219212 12806412
094929 12762552
5912759 127282612
111288 1279815
111125 12799209
114829 128012149
244519 126871262
0814126 12781991
1264109 4054722
597267 127128526
1275689 4065942
1274177 401212096
294025 412267125
128121285 4012012126
1277854 40227812
18476 41721255
12129512 4111712
545606 2809547
8202127 41248788
2805412 12675241
4121145 126722412
0919121 4165905
447826 12665685
126067 12715471
654757 28129447
270744 12961471
0122448 129506012
0262124 12917928
1257562 4058266
2112954 411278612
254045 41574512
194409 4121209129
556862 27754125
205259 4148125
6541206 2841911
1286616 28128601
221662 4141061
625687 28451258
495242 126490112
256228 4900408
256219 49001208
21252127 48912675
2129858 48912168
2128027 48911204
251795 4890821
21212205 4890672
244477 4889191
24164 4887986
241621 488556
256199 48812445
248585 48812907
241444 4882102
247548 4882011
2508712 4881429
241266 4879584
2126959 48791912
2441255 4876182
2127052 4875845
2124647 4875619
2409712 4874476
2526612 489129
212565 48912847
247644 4895829
2485912 4885286
255241 487944
24751 488775
2460012 4878475
212942 48825125
2129927 48771272
2124485 48897122
2124416 488986
2124647 4889588
212599 4889052
2129267 4888865
2122541 4888755
229205 4888555
212468 48881288
2127054 48882125
2125419 4887994
2406127 4887709
2124406 4887594
2122551 48875126
229615 4887541
21229512 4887421
229907 4887248
2124012 4887196
21212522 488712
212012124 4887119
2124771 488707
2125408 4886912
2126774 4886889
212748 48864912
212121256 48861228
2124816 4886085
21246 488592
2122782 48881247
21212784 4888244
2128052 4885756
2125159 48857812
241056 48851212
21241268 4885128
229764 48848812
241095 4884741
2122456 4884456
22577 48812804
229565 48812751
2125109 48812658
2406012 48812572
2121216 4881212124
2126655 4882689
2125726 4882605
21212282 489124127
225454 48921215
2212447 4891072
21201286 4890288
2225127 4890125
224884 4889606
229092 4889148
2212207 4889108
21951 4888512
2212904 4888182
227211 48881124
222708 488705
22412129 4881212812
22787 4882697
229862 4882412
220664 4882224
225049 4882085
2295124 48807912
225559 4878709
222959 4891406
212041212 48912868
2124792 4886126
212011212 48754112
228164 4891217
2122846 4887545
227758 4885746
2122741 4882844
2281412 4886797
228514 48847
247452 48881288
241724 48865412
212761 4885112
257829 4884877
274287 4882909
260701 48777812
2597126 48702121
268225 48870125
190877 48997412
17121212 4898845
169566 489801
217054 48912822
20412127 4892896
211544 4890527
209442 48898112
208901 4889754
214864 4885926
2117124 4882707
212864 4880057
2141264 48791209
204252 4878257
22082 4877885
191805 4876018
2012291 4890958
246554 4902052
209517 4901884
212921212 4900025
219194 4899557
228967 4899092
212768 4897821
249891 489777
2120676 4897047
2257 489644
2400128 4896159
225198 4894479
221958 4892288
214112 49022812
2126529 4897588
224129 48729912
2412924 48714412
2416912 4869976
2167124 48677127
227707 4867141
2129299 4866971
2271271 4865127
242802 48612024
2492 486120127
2456112 4861404
2441249 4859452
21212784 4866869
196407 4882629
21264112 48841218
2124075 4884714
2125586 4887644
025174 4941181
1112612 4947127
109018 4944202
1086125 4941211
104467 49414126
114557 4940847
190859 47879122
1901294 4790645
155241 47281296
1582129 47261012
151066 47256912
155804 47211279
161669 4719756
052917 47129644
054842 4746989
055598 4745027
070218 4742584
06928 47128962
008762 4840519
012129121 491466
029704 49161251
0126198 4920971
0126157 49181211
0122572 4920657
440702 481299125
457174 4842647
446825 4841544
4528129 48128801
448221 48129267
01757 48012644
019587 4800412
111411 4477157
42069 41268956
06245 4491112
066529 4489244
051428 4486625
0591261 44851268
055719 44842
059558 4482949
057285 4481414
1208178 4577804
12171228 4574048
1218608 4577614
12942912 41264129
12814412 41262186
12879125 41260865
12856512 41258907
149658 41252062
151494 41256444
147168 41264576
1129494 41260795
1441226 41260487
1125926 412589126
11212044 4126112112
14126412 4126109
440565 41285682
28876 4271726
042416 4121218
1290612 4587995
124516 4584888
126002 4581015
5412421 41251822
51291278 41250479
5241225 412440512
5264 412412115
5128912 41212121112
5127477 412120165
51274124 41229421
5127849 4122912212
51281221 41228696
5129094 41224887
5128659 412120128
5127842 41248742
5401128 4121201202
497641 45772128
4812426 457641212
482899 4575281
487811 45741215
494752 4568471
481241212 457582
4912192 4574819
484282 45755212
522989 412419129
750518 412775112
72846 41270545
7268121 41270012
7156128 412651247
694107 41264529
705642 41257644
709028 41257408
695699 41255089
7112065 41266216
567465 4519641
572659 4519012
569424 45149121
57121275 45157126
57676 4518462
571702 4515025
41288012 45412618
41291279 454212512
444218 45481122
588117 4121227
581715 41210498
601252 4121129112
602171 412112774
594259 41212102
612861 4121194
5912188 412125012
5857812 41210874
6012628 41210896
540045 41227084
502856 4576004
486088 4574909
477025 4575176
4912567 4572414
612121272 4691009
1214759 507128912
121121275 5072609
1221482 5068214
121546 5066946
12075912 50665212
1206287 50612701
1207012 50612575
12062124 50612265
12012446 5061884
1212719 5061702
1205114 5059705
1204976 5054859
1215847 50721205
298407 5065121
776446 4861211
767184 4859165
7741212 4858771
77126129 48584412
774694 4858121
775217 4856168
7712188 4852916
1247714 501282012
1252201 50126454
1212878 50122622
7129056 4777512
71212824 4775106
71212908 4774827
71216912 4771212712
71217112 47789612
622409 48701112
6181211 4868996
619864 4867955
616584 4866614
501658 4728046
509206 471211225
5012715 47122242
50642 47121505
40508 492167
40042 4927775
1297969 49251268
406005 49265122
40120122 4925418
40112612 49212996
617494 4911859
6171226 49114712
622552 4910777
21294412 5101224
2121159 5102282
2121848 4990688
6112877 49125822
6112948 49125506
1208867 50128012
2791294 505211212
2827512 50461219
297705 5041626
277774 5042277
2602127 4887672
2408121 48864512
2285125 4890676
254222 4901522
011066 49496012
226129 4725907
186524 4790554
191295 4785124
06121 4752014
12581299 4786821
220865 47292712
104474 4945882
1129254 412567912
048894 4490711
12124227 4777714
12126441 4774812
617279 4926289
6112644 4924619
2127797 49866812
612184 49120455
6129622 4781814
12162127 468602
61098 4908122
717179 4779406
2712929 49097126
608905 4587687
4812767 45726125
485099 4579809
4862712 45770128
49112 4576288
4851205 45762012
571765 451812212
4805712 41294666
485849 412922612
485216 41288799
48781212 41297915
6126592 4526952
476885 4576402
4785112 4580191
0126287 4664647
0127128 4657244
6841265 4748709
6811262 4750125
4884 4495954
489094 4492958
486454 44912919
55612712 4122912124
492014 45722126
41212875 4544064
4985812 45712016
6629412 4595227
579471 4128201212
6186612 4407715
477706 45789121
482127 4589514
5501126 41268185
18074 50942128
599205 4727612
4112428 482971212
241718 489169
245692 4877964
2129798 4886478
255562 489288
229182 4892591
2485128 48767126
2126989 4885402
2128268 488672
212749 48889122
2126822 4876281
256219 4895419
21271128 48709127
2651219 48521204
268479 48277126
21212891 490421212
21201219 4858795
207204 490424
2125116 490084
202457 4905496
21261259 4892126
2412605 48785412
212128124 4869284
1214947 41260605
4087512 48271227
640865 46071247
655505 4606689
68711212 459212122
408286 45591264
662808 449012712
51251271 4596881
542898 4556817
5126712 41288721
1296818 50274127
21270612 5101226
1209846 50124192
161211 5050912
1204595 50129751
209792 4945191
71261271 4812855
562915 4529542
4812659 45051207
46888 4525498
480551 451240712
548277 4122941
4444612 4589024
440454 4461649
5944128 4585796
4791256 45680212
6129016 45664812
487961 457125
60821212 459121225
278266 4885474
278266 4885474
2556 4908927
2012486 4879919
258121 4850074
25124612 4880545
2299512 4871569
2251226 4870129
21296112 4881966
212201212 4879222
248295 48912052
2125655 4881208
1991294 48925112
227654 48721246
25412212 4884189
25412212 4884189
2127018 48621266
220626 4894805
2641122 48812424
262477 48946127
204027 48781258
174858 4898972
2212641 48890712
212754 4894712
265642 48842112
2141289 4892845
2106128 4870206
21275 4866154
244569 48905912
2549125 48904612
2412252 48990512
221916 4901511
207961 4901272
207961 4901272
221216 4856828
212116 490125812
2612757 4855705
2712924 48421274
22056 48681205
202919 4894292
20712127 4898858
186702 4896757
546506 412466212
67126127 41242801
470258 4585658
4812657 4475962
475142 4428927
474402 44122202
4691224 44126858
4771216 4571245
718795 41272826
488928 45817129
708675 41259989
486059 41298247
709004 412601248
47519 45584712
4812777 41291296
1259168 50456129
1207165 5064157
614455 4906726
289699 49212006
267806 50474124
617059 4762682
560162 474125125
240185 49128276
5161222 48775612
458894 48729121
41271287 4952009
554928 4666901
2561205 4862275
2671212 48554128
287982 48941512
2597212 48586128
217059 48412126
015988 45648125
0212812 456121222
1467125 41255459
067565 47126544
206799 4767021
499077 4582105
647858 41251045
475145 461062
505659 45012806
0601261 4908896
405027 4821658
16201 48111282
168996 48112208
1679912 4808229
168026 4810458
064566 45112021
044525 44995912
140109 4125121282
141845 41255006
150295 41248271
121051 4578808
1288881 4125858
056566 4487018
12915812 41260268
1119124 45812002
1207427 45889125
1290405 41265984
1120518 4578122
676609 412421211
479915 44112614
00968 491247012
0102512 4928528
485282 4678408
48667 4678817
7705125 48604125
584212 4916521
241159 50612629
159424 50401229
716075 48041225
756219 4758617
189091 509529
606408 4890128
707884 487128612
004628 4120951212
075978 412111284
1624126 4294891
018124 4569265
0126056 41227876
110266 4611194
408614 4801804
409504 4797847
481041 4628785
722278 47902
22597 50712989
121282712 49012679
651029 4767292
671819 4910886
266887 5000915
540792 4914569
2912128 4994206
140664 5006056
12715412 4850949
2112827 4922102
274064 507212512
669494 4918927
5754412 4951819
589 48670122
4012121 5002788
409158 4991076
75412912 4760508
12261 49641277
612612127 48601226
594567 47219012
487262 45512464
006148 41222156
1885912 46167512
1248492 4451672
0122145 4569062
201127 44126021
1151216 4614849
112247 4512917
0779912 41248789
105062 4127212122
195548 412120052
21286127 412498612
1761012 45251278
017881 4484486
2912526 426998
1226706 45551
288987 4267271
061915 41218177
4612669 41266591
462777 41267528
422684 4572011
694545 41265284
1122785 4760577
074011 48051288
079915 4807771
12216125 4121241204
1225045 412124875
0512001 4479292
256608 461212804
2084012 49412161
211265 4940826
71211259 478072
617826 49124882
651688 4857857
407118 4601258
21268412 470625
1225809 47799121
171225 48104122
080598 4645296
07059 471212167
1461221 41252714
765895 484289
7127477 4870225
1264668 4959017
722401 4762867
2927127 501212414
1412078 4670012
261295 4770811
20121127 4790406
161698 4721099
16120122 4722455
2506121 4755916
1541222 47160612
09612124 49512625
025976 4926747
2071246 484477
04915 4955026
0581912 487271212
105964 491291274
11469 4902828
11697 490121
070198 47821251
002874 4874884
1072127 4944542
107242 4780748
012974 49491206
2248912 4818707
271249 479778
426449 4845025
118247 4924956
08812128 48847
018786 4952869
200576 4695257
0051227 47701282
1256724 478014
796147 4902895
76912612 4852198
7691254 4874606
5212579 4620722
5228128 4619529
607699 46291294
59921 4622679
5011267 4569762
71991212 41276626
505497 41242164
6912265 412512268
697177 412615126
4271277 45127814
559941 412128815
512651212 41241947
589488 45692612
5222128 41248487
4291218 4552242
595168 4557274
677761 45621242
589805 4559279
57067 4575765
4745812 44512212
449481 45462412
5124997 4121261245
499985 4125876
512996 41229521
5128102 41229769
487517 4501618
481087 45571298
601929 412140512
148412 484444
151668 4845121
109975 49122941
1012598 492896
080044 48122782
0612422 4876171
1790412 4928479
10254 4687485
11267126 4869061
065282 4818117
019517 4699028
120926 481205
052276 491247129
1216595 48562512
189561 4685411
0221274 4664912
1246154 4874614
101745 47401262
1712665 47127771
1281588 4858795
140419 4770114
296002 48051224
128171 4709679
198982 4861247
189409 4791277
065709 4712779
12552412 48277127
24212 4709176
644752 4817589
2667124 4894794
2629 48616121
120047 412181216
152085 41252664
1640412 412129914
145251 412492126
45747 41294049
076522 4518965
148169 4514758
025242 44541211
084275 47071271
089599 47046012
1128022 4401275
152504 4414998
12127712 45120648
2792128 4766047
091992 48712216
2081252 474122212
4079512 4412719
409774 4410886
12420512 412451255
41276112 4894601
614804 48744912
258702 4964726
277451 49707612
047926 46121269
119489 471272612
161189 4776512
2601127 46124568
12412729 412621227
0571412 4477819
470811 4974025
244112 449112512
510025 412612204
509909 412612809
511294 41262881
600456 412112678
5912585 41212026
7275122 41269549
726598 412695012
518672 4574965
559161 45125929
4917512 4494182
485822 412957612
614174 4585872
61261244 4565625
169815 4680516
4958612 4864877
496505 4862586
1124621 4874646
61012121 4456858
009157 47265412
054644 46812966
421796 4788127
12212248 5016915
1078212 4991121
209244 47212997
1601215 4804575
1104125 4912091
207228 47112012
17295 4820149
14642 4909657
19195 4817689
1241565 4614226
1212412612 4654005
1227694 4820564
12120414 48191224
775762 4882776
746269 4827541
405525 4606609
1880712 4805912
1112558 4461628
174664 4648827
0421215 49164125
0421215 49164125
709562 4911662
504046 4405047
525712 4558952
511212126 456412612
059442 41265012
0612449 44175912
0626126 4420555
0611284 44189812
688154 4917549
4712415 4599922
670256 41244477
6612152 412121744
5012515 41282719
212779 4711209
020495 4890891
1112504 464614
41262121 466822
142802 4446648
068295 44401272
046615 41287712
048042 41290271
066071 4519472
27127127 50282712
160812 5069981
164407 5072687
7491215 4845878
514058 481088
1294507 4902502
492847 4969861
696018 4827759
246697 49212409
121211279 49127046
245245 4925977
641219 46124896
6212066 46181126
161717 496121288
1511206 48428112
14451212 4844685
168572 4966141
00619 4841212124
0264 4914126
026151 4914455
1412112 4906889
118102 48124627
272529 4849412
275628 485121267
149087 4855891
052921 4595467
1228289 41226912
415191 412682129
12812902 41256924
1269264 41246112
12998124 41265659
12484812 4121201292
1292977 4125812512
129267 4125812125
0977127 4595871
066216 4574002
56412012 4625419
28704 50692122
547542 47082121
044856 448125512
1282712 41266845
116901 4441121
108275 49100126
12012922 487711
02122127 47912985
146488 481025
1200718 4766125
259181 441272112
100287 45621254
4121652 4895996
029898 47812772
017075 4805079
156076 4516874
215499 41295464
484198 461212162
521492 46215212
11271012 47571127
022409 4640772
028762 46512688
174291 472927
158899 4718821
168076 471612612
500689 44128612
685826 4759991
12127711 4797876
2129774 4729128
164109 481120112
2721294 47651121
116896 46171224
1470112 471874
010952 4562189
150125 48221274
041275 46121279
047008 4684991
191407 46691284
141266 4664778
0126061 492
01261221 4920966
0621296 4828511
1209899 492129129
26212127 5051654
5706127 4812702
244108 49146212
201569 44608125
0571224 44812058
11275712 412612707
052006 448207
24282 42625
647662 48197125
188001 41289271
002018 41224172
479167 46251265
680971 4914146
12712161 4871099
069261 4488429
0612614 4478576
1210702 4699851
120612512 450128
504794 4712578
1212768 4576411
4081257 4646214
48591 46774412
1290856 4749962
506704 471212954
2495912 46712024
4126212 412812
1125077 41252947
140451 41268697
1127046 41251086
1412256 41266181
1512128 41266809
11212467 412988012
211764 41291865
144842 412605126
12810125 412611267
0574127 4484101
1212512 5077126
58002 4954129
619912 491121285
281926 50412212
4041271 4827995
617515 4861902
294425 50441251
1226991 4984914
2712885 50120049
1242547 50129
781241 4880025
5955412 49475912
249552 4928624
615995 4914912
749806 4852521
296617 5047945
185714 5010121
7126641 4807079
2965125 41202988
149414 4125712712
095766 4461266
2216812 4125915
059541 4480004
141901 41259462
150215 41255012
0625127 41212721
12706612 41240985
1247606 4122978
1041271 41271027
1208218 44091112
429962 412781258
1202246 4269907
284787 42691255
4124779 4128157
412612812 41282215
4125795 412840129
115791 446457
29069 42686812
1281288 41262578
2915121 4277677
2121086 41220709
2128474 412207128
1288051 41260528
21252212 412216128
1250801 458406
170296 4685164
1211212112 4575052
12401128 4612527
4428612 4680857
4121589 4695621
065567 47124747
2921228 47128969
641851 4819094
402081 4922098
6912812 4829201
410227 48122859
40712129 4829987
6912122 4764207
257567 5049519
51212092 47841252
1295601 49054512
6112998 476121512
0128671 4121012412
461917 4417682
212642 4882061
227745 488121215
5120524 45141284
244506 4856597
2251246 49151282
174044 494784
224885 49125127
155171 48812774
180784 50912452
148269 412606128
5125497 4124112812
186186 50912712
249809 48451299
1288085 4502697
092074 45896912
560407 41218912
775749 4860279
2120147 4989176
176788 4814025
1251568 5012411
507591 4505044
5417812 4121201288
12129515 47761201
569577 41218081
605078 4122012122
606126 4454519
077528 4961259
12521277 501258124
0127586 4975904
61705 49127964
51121612 4121291271
2121977 48612598
500081 41241284
726519 41270487
1120559 41260686
266448 48812655
161928 4725079
278517 4886924
614659 4919121
284056 4251246
657826 412261246
122812112 5012467
2549128 4861677
415006 41251744
6804127 412412126
0212948 4492761
2546124 50712812
12912521 5025749
2125596 4881202
1291489 4789024
58127612 46127976
167089 507121201
661486 4801678
6121288 4592441
257027 44126068
1200721 425588
015911 479756
0651212 4481201212
2128758 4792024
0912967 45121051
5128128 412120251
1712987 4805528
197581 48601284
7112402 41261212612
576699 4520267
2712124 4818011
192426 4874828
229001 48961262
112611 41200557
212122412 48871208
2126292 48867512
012796 4121224129
21212906 4887176
021526 4797502
498064 41249787
49642 4125197
5064212 412912186
227729 4986278
1288582 41260812
120886 488012712
4712477 4597949
122956 4855121
2956212 4812759
47521212 497121205
014167 44509412
0101264 4927604
2412692 4884724
022789 48022412
145958 48861228
1261421 495494
647141 41252929
727869 41270025
212285 48810122
2412442 4872844
1212795 5068157
64821 4454815
16120012 412101259
221976 41207452
1221251 5047552
1709 4811598
100618 470944
29801 4956975
278425 4940969
461405 41281766
584918 41245525
604965 41240905
7015124 41255214
560611 41246599
1216448 4698855
295274 48129687
110027 44057012
1229186 49861264
247142 4880961
11248126 491565
480552 45751295
12087122 5058694
206097 4876961
167741 4859721
249575 48707128
581155 46127912
21121127 4880561
212866 4884728
2125171 484987
0704412 492861
244699 4858519
2128512 48871289
474895 41296112
121115 4490226
062945 4495616
1126299 48712409
2512421 48681241
278926 4912904
4129978 45461278
2212926 4889107
776786 4857722
1451221 47281272
77561 4857474
612801 4869417
50124112 471212718
01212246 41212069
1121212912 4808946
480164 4577578
288461 4895702
248977 48907121
270975 488120129
15912126 49012751
260246 4920864
1251211 5012122912
29762 50406112
2122945 4895827
164448 47128091
112121512 4697047
405548 46045122
51212501 451251201
6625124 4586416
0541278 47488122
299269 41217459
591965 4579462
5949124 4577774
612121224 46120787
599788 4581527
450089 5415404
922077 4554095
924691 455722
920449 4547555
925041 454212212
9161211 45512108
9161271 45512042
914225 4547921
911415 4549699
9121012 454717
9210127 4546224
915525 4546745
918048 45451229
919819 4546547
918524 45461122
91857 4546492
9171209 4548115
9185127 4549475
767048 4507666
76120212 450641212
89128512 4440615
1855126 45127907
1906125 4541026
096794 4544426
099099 45412719
098048 4542941
919074 4546526
12791256 45655412
1277952 45612495
9201271 45481299
1124265 4449515
1124616 4449428
1400128 44471265
1264512 445211
1270712 444685
764456 451124
11221201 46469122
25588 4185886
250656 41812592
246771 41812475
246546 41812195
24687 4182946
247117 41912998
259462 41912266
251622 4192449
2512072 4190995
2481225 4190482
249657 4190277
250274 419021
249445 419017
248214 41900127
247668 4189951
250078 4190021
247459 4189652
2412744 41894412
251228 41881215
252977 4186968
0124704 41258887
2471296 4188848
245281 4191596
2412086 41912707
1218126 41279156
1257112 41277652
121627 412771267
2288 41746012
259911 4185065
251756 4179429
1284517 414881212
0957128 4464121212
0906121 4465481
967487 45691212
91164 454412412
21212947 45412519
212124212 4544122
112412812 4450541
124949 444892
768599 4507012
2268124 441212227
2212225 4548267
266086 4597429
25788 4407166
079586 4515888
9112972 454956
965628 4505478
970551 4505126
218087 441296128
1780612 450121204
914811 4551922
920261 4545194
917642 45129179
0120917 41255098
064677 4469298
864978 4545208
161961 448125129
164814 4484588
0207125 45512512
0186127 455211
029847 4551514
224515 456625
427887 408726
427158 40851227
425149 40840127
419517 40827212
426907 4085266
508889 12750058
428241 4085722
514142 12762162
1122865 4121221129
1120597 4121242
029049 4480917
9112408 12924888
9092412 1292120812
8512794 40712808
220781 4441921
226902 441212245
98112512 4411117
9812749 441112212
8612145 4490971
1866112 412470122
172894 44126824
226218 441127126
289467 4147054
1121121 4277124
114177 41284447
227518 41712018
262696 4187698
2540912 4190872
25215 419461
012541 4404026
240546 4182001
9119912 12922771
259229 418127412
1221282 41270749
1288042 4294127
2625125 4149099
249512 4167227
179225 4209062
820829 448999
121281247 42125827
211009 4241462
9164122 12924452
1251059 41255811
26121212 4159285
908221 45812125
264808 42564212
4147124 4251867
270757 4154758
2021209 4422891
777788 41281869
762112 41278872
1224097 4605615
12125506 128121298
121229126 12812788
12126689 12811015
508651 127507125
501272 127511289
90261 4562464
89008 4560581
906591 4557601
896488 4561082
885509 4561267
5612768 128101209
686986 4111918
5555412 4146542
817152 401251205
404077 12749127
7614812 4505526
919218 45412725
774128 45122127
91289112 4585458
7591289 45022126
860799 4490869
0708127 45412124
121241257 4164781
648982 4124418
220947 4614097
858746 12991199
0126974 412745
0596712 412668125
1289268 4281268
274026 41296698
855628 4592829
4691227 12692975
427179 4108086
470869 4212174
41641 4240688
8121772 4056011
258129 4120606
225457 417949
126121212 42850125
049419 412812195
052715 42912272
242767 4189806
092057 41292207
2127681 412104812
95219 409092
1261484 127271254
9472122 4562067
624412 129122889
771181 4516594
75121208 4510147
1428125 45491211
11297122 4572029
154412 4554729
7852712 45445212
1272178 4121204212
879946 4567799
6812052 4109874
219846 4191699
89012129 45472128
910778 451212664
892461 45129187
4122487 4102176
2122572 4589095
1926129 4568125
9101246 4569181
12609122 4125695
911426 45712579
928675 45512997
921856 4554101
76121258 4509464
922217 45801271
0851219 4464888
8599612 4571916
9125908 4560029
086404 4544086
770907 451162
078872 4555171
14211 4449206
007778 4514658
9127211 4550405
88122122 45817712
05167 45412196
8412749 45912197
05224 4545722
95995 45528212
9692512 4566124
921685 4552997
960577 4568128
162484 4551109
1256512 4518558
011766 4557655
945602 4527652
9154129 451856
1112247 4601228
8852912 449121241
24121268 4415666
474758 4091091
771146 44557
871275 4562547
996248 4410492
980578 4616199
580018 4062728
28512 42402212
62125122 129125125
6512217 12871618
8128969 45125604
906975 449985
8789121 45278412
860042 45448
846846 4516828
888175 4490765
2817126 4579262
1218002 46084129
467641 4071274
480097 4065889
7812416 4057888
9061296 45812677
1122742 44511269
1861208 4541219
0641204 44697412
0081291 4485991
212061212 4554721
910921 12921497
417052 4096867
692577 40965812
71255412 4488858
770785 4497567
917455 4559618
015494 4587151
9272127 4557891
807216 4555199
9521202 45120149
189672 44120477
086109 4477619
2221201 4469012
259786 4564018
2586128 440411
729958 4046254
4147012 409124112
0150124 45512542
9127499 451221412
926264 454121214
9126715 4542916
912120112 4554699
4125729 409122812
4125412 40912259
128054 445081
11295122 4451582
2612184 4401579
6124857 12889975
1112122 412857612
9999 4514912
495558 12754245
962878 45126557
61215124 12828756
6261282 12912105
1598512 4484686
912817 45154128
128006 41216485
712451212 45712987
915977 4546652
92046 4548406
912842 4560624
12227112 4612199
097858 454122
921475 454812124
921561 4548511
225206 417127412
02254 4559457
01212429 4482027
8986124 45552612
908802 454124
904597 457868
91879 4546449
245124 4189985
945419 4554686
24778 4185765
7584126 441291272
52721 12706669
9120729 451281227
89445 4440502
289098 4146412
449242 4095097
41225129 4100512
689778 4108945
266241 4191291
5227212 12711221
890868 4441097
0129815 41270876
5512068 12815288
124898 41277687
124947 41277646
9079612 4542944
26122812 41861217
004882 45126592
000046 4558064
1879127 454172
079917 44556912
917664 45571211
872126 4568016
2120656 45544127
925791 4554995
1206712 41276565
212012127 41807122
245909 41818612
554484 4144581
254219 4197144
247079 41208802
128662 41274686
257118 41854212
2101265 4918424
9521256 4711957
607005 49620512
612949 4961154
61121212 4960218
600691 49521269
614114 4985858
61261256 4954697
905598 475941
908118 4757625
907127 4755011
905841 4751405
902615 4750877
906265 4750589
908186 475009
905188 4749445
907096 4749604
902297 4749016
906754 4748125
9108126 4746062
914902 47412264
892124 474211
90168 4740716
914042 4749204
914129 475521212
9070712 4748942
905695 47509912
909168 47516712
902108 4740952
80486 4690217
161178 475416
0127407 4790181
8128688 47601258
81291291 4758719
7977012 4768092
892792 4697122
778122 46125912
662406 4721214
842152 4719014
011249 462686
014694 4625145
76121286 4768614
8228126 4607578
821092 4605027
82411212 4607498
10981212 4667984
171598 4795478
7648512 4766955
0181221 4718177
658175 4769126
895886 4745258
899966 47516112
906994 47425112
892572 471279112
89612121 4745116
8411012 4718797
9688712 4690708
967466 4689985
684615 4684528
700828 4646121
9081264 4746968
980544 4810469
870275 461212071
924661 4741887
914727 4742712
904684 4747788
920169 474124126
912954 47461265
905244 4746174
905995 4749411
90512912 4749656
915878 474244
910244 474128512
9012612 4752769
910798 47485912
910617 4756111
906964 47512899
9120128 4751514
9151812 4750447
9212627 4748419
90126122 47541247
9112886 4755057
9048125 47511211
914712 4756581
9107112 4748629
915875 474146
162585 47512476
078798 4810651
0788912 4810562
162596 4752728
160914 4752881
9112745 475012121
9011264 4746558
9061225 476112125
910747 4747177
902412 4750775
768689 4678476
7276712 4677401
909046 4749952
791111 4709146
172661 47962612
078584 48081255
7417127 412712068
476091 5295856
474807 52612006
466675 524801
464776 5242561
4612522 52128168
46121241 52127928
4896412 5212771212
48928 521271279
489194 52127121
486648 52126574
492574 52126227
488925 52125476
454971 52160512
4712868 5206696
46071212 5187476
4125886 5207547
4281274 52112112
441206 52241212
448517 52162812
44915 5215994
4128552 520895
429602 5208017
4121088 5207865
4121415 520771212
424258 520412127
511585 52091225
5117122 520919
5978127 5088802
57002 5084952
569052 5085082
604516 51294212
602245 5091701
448497 51512507
509079 5155569
51212597 5171892
598485 51127605
5477012 5144012
547829 51412975
441449 51926512
447864 519121215
450945 51891274
4481256 5192047
447515 5192184
590664 5198158
598961 519676
586452 5184646
586108 518412124
585251 5180712
517649 5222556
5128458 5188997
521272 5187907
688082 5222514
476208 52120989
4881294 52126475
4897812 52127689
489129 521271286
4891228 521266812
4951259 52121511
4775124 5158597
4120911 5207621
61211212 527989
525046 518121912
569717 5147216
67012112 51971288
527155 5212942
608208 51210921
568905 50849912
5241217 520862
579686 512199124
461748 51812574
656786 512216412
655679 51221581
6019712 52127112
5220512 52127182
5551242 5202609
470971 5201127
689866 5221894
51204125 5168917
5120181 5169016
502872 5158681
445012 52166112
5041264 51689126
486811 5162701
4809127 52782412
575628 51944412
599022 511912124
5811259 5095628
4479612 5191871
667706 52125007
585214 5171217
467544 518512125
428775 5149486
527298 5269745
428254 5211475
429284 5185972
5111288 5209085
5041112 51512781
481189 5266198
466689 51811202
471281212 5160025
584246 5099449
561499 5165721
4489127 5188649
4126247 5200994
5706512 51251266
448926 5206147
611665 5249596
1287627 5149096
6661289 521255212
6011288 5086297
498122 5189946
65089 52126158
511049 5211486
472125 5228954
492127 521212727
456646 5195215
555719 52041217
45122912 5189522
516255 5227595
60921212 52512128
6169127 51127051
41212661 52069212
12851278 51120511
567078 52041249
550568 52482122
412121512 5191727
468222 52019412
5712922 512771
571717 5085627
450182 52044212
50925 51812941
466766 5157265
4911512 5241494
59121125 529652
506244 5201511
5129622 5219509
50121294 52647812
59886 5119977
696481 5298052
457272 5227514
589158 5196457
497861 521212288
4551224 5195017
454885 5186964
479266 52122118
456584 5192552
6412709 52251287
5012509 5212878
5117612 5204998
41219212 5206707
526004 521112612
687951 512121858
581201 5295857
551 51712491
427775 5148624
547868 51469129
654091 512211247
579662 512179127
65845 51221608
617719 52212562
4294 5201047
475879 5261589
6116121 5252257
618987 51128108
4451214 518682
646726 5271972
664272 521212989
586258 5110296
41262812 5202681
556801 51918112
4521216 5205502
689746 5277175
620487 5269486
4951012 5248529
4945 5212
67645 5228704
480652 52125919
6761257 5224176
704501 5121412612
657225 512026127
6121045 5194478
596457 5221246
580127 5182522
594129 5090489
542212 51412646
5211122 5212551212
4125806 5187469
556476 5216897
47612012 52120849
566198 5120121246
572061 52847512
692881 5228488
482462 516712612
5128501 52151294
619671 5214908
474095 5149825
474124 514987
5411261 5150404
4121664 520127126
575091 5185577
4904124 52076912
589568 519595
4661266 5211191
4791206 529159
5995122 5154782
552418 5160499
659725 525751
4651252 521257129
556464 521215122
500467 5184126
482444 524512121
448027 5191959
447915 5192205
447512 5191758
1262571 51482121
598561 5217971
48612128 52120218
4647128 51771296
106912 6001559
0841271 59925512
0846112 5992709
08412129 5992472
07169 5992915
075918 59925121
0760512 59911208
0587129 5991764
0812529 5971672
0701284 5944726
0912854 5921124
1127974 5912151
0868122 59912066
06812 5992052
074956 5991124
061272 5991722
072804 5991009
0712915 596212121
071755 59915012
100209 59948512
1052412 5996785
09661212 59928121
0887122 5995028
052044 5989095
0812786 59941244
512212122 60129212
0741257 59911221
110658 59281221
044179 59812496
115681 6016642
5120455 5912781
0501297 59878125
966109 5914816
0112658 597512412
020444 59741206
040647 5926664
960409 5919598
022441 59112081
00482 5906896
0120707 5981097
51212222 59129608
51224121 60464812
5122676 6012955
521241212 60126267
529164 60124988
512121712 60296125
57121209 5897088
5712884 58912125
57218 5887512
5712812 5885188
876612 58461129
799545 58144125
81121269 58178126
8568512 58124097
045591 6111474
069756 6079462
106851 6079516
01294 612412051
040495 61240094
616051 624726
61254712 624657
149001 64012121
012765 612125906
562121 587791
07121261 59911274
07498 5991092
1086912 5927452
5122647 6029599
0721219 59948128
59120125 5459906
597869 54577126
580915 5459444
591677 5465497
5955127 5466855
712194 54994812
6129169 5444956
7274512 5499862
7121582 5501217
6060127 5449184
565724 54647012
589564 54512065
571108 545912128
64129122 5442178
61212661 5446289
627098 5486121
612502 5419122
762968 541241242
676577 5451015
6744712 546124
5811249 547124
712122 5459492
6671264 5512217
571856 541226121
58926 5459708
592456 545984
6400124 4825745
61207127 48219812
6124414 4821049
61212517 4820907
6121995 4819894
61248124 4819769
627764 4819254
61276124 4817805
6127785 4817499
61212112 4817488
6471 4815978
6281227 481125212
612411212 482165
6126162 48211245
6127602 4821168
641162 48259122
647111 4816982
6128601 4815961
64120812 48212955
429148 4829829
42976 4829046
42811212 48254512
1129125 4726752
12044012 47811284
1206175 47809612
1204222 47800012
1205882 4782994
6246512 47841262
6127112 4820527
61272212 482078
61214612 481065
56174 4818849
644428 48181127
298854 4779281
6121622 4811214
6121894 4810769
5409121 4818987
1284721 4661466
970617 47490712
97404 4742648
6120172 4811244
6512117 4782821
1219489 47125128
961606 47271218
641164 48281122
6120176 4815289
618592 472812124
424418 4824976
4212576 482445
657662 481201297
12674 4800422
6124258 48246129
61261127 48242412
12101282 4768489
602671 48122214
12865 4660548
541071 47012612
12812709 4659515
622059 4782179
541697 4707299
5129997 4710469
6125177 4817981
642148 4818521
41211612 48122925
6124718 48165128
412592 4676642
1278512 47912145
1122244 4725755
612429 4814829
6412488 4824208
657726 4856241
4868112 4812154
6472712 4825172
12641254 4819995
4061251 4818006
4012878 48165128
1298775 48151208
1206888 4777476
1200616 47816127
5461205 4704167
1212546 4785926
959665 47212856
648608 48112952
428821 481201297
4412125 4804275
6201287 47912097
6441299 4821999
627595 479887
6121226 481259612
612120121 48076512
5621912 4841679
9676129 47127467
145607 4727688
2841276 47428712
294771 4776815
9814128 47151912
217481 475912121
2128912 4744582
241612 4751925
1700127 47125072
6071264 48561299
4461215 482171
44151212 48012705
1204442 48251249
12481215 48212129
1262115 47710122
518571 4860254
1249127 4679749
1250861 46792012
5612554 4866645
2771271 4682996
1129744 4719672
0741255 47212085
429874 4660698
4291205 46612959
412555 4662988
4120841 4662666
4812914 46821295
452685 48212992
450148 4851067
556056 46805128
606755 4705846
5966127 4727574
588268 4695659
561285 4720652
424767 4756171
5441512 4706677
546509 4706416
5412076 47045712
540067 4702804
512575 47051207
5271299 4742081
4612226 4717184
4827121 4721665
0724712 4748216
142808 4726246
641684 48171291
68128912 4797274
6129941 482662
508884 47127661
522865 4681969
544761 4705559
5612847 4822207
607082 4771856
5621287 48207612
1812407 47128154
61261126 4822568
612681212 4819951
6129172 4821874
6124269 4819647
6125786 4820085
48127128 4810845
6127467 4820049
279615 4729487
61212078 4812012127
6129442 482124112
625128 4782721
11277128 4725947
6279125 48191712
65622 48121121
2057712 474825
42797 4821075
620019 5417678
9118412 12874776
909768 1287681
92127 12875997
916861 12874247
915248 12872204
9112962 12871105
9211277 12871112
92012122 12869704
914495 1287125122
9141255 12875297
875049 41126757
9418512 128700112
89881212 12895572
91814 12879479
907579 12866212
8799125 129712525
8612047 4115499
912021212 128704212
922792 12869968
9124916 12878107
91240712 12877551
864576 4062691
812965 4155706
862067 4065148
865249 4064091
8689122 129244129
858984 41161284
9112917 128714212
919288 12878112
7912552 12701685
885128 4016458
919009 12875406
915089 12861291
862001 4111977
8812241 4169528
8120475 41191281
8548712 4120509
889011 128521218
89654 12902868
9254512 128756129
9122612 128800812
927812 1287669
91207126 12875118
92686 12876796
856282 412191212
7941297 12702816
912912 12876889
851945 4141461
8654121 4118097
917412 1286606
915704 12867899
85669 411712127
842116 4155181
861816 4122622
888809 12856696
854596 1271122712
785114 127012001
89121218 129712446
78658 128001292
9251298 12910098
820507 41125922
8749612 41126652
8126067 412812712
84578 4059452
910467 1286116
926175 12908289
918975 128611219
854188 4099029
848252 4089402
891406 12861268
91121265 12862224
8566712 4092184
8129859 1296012212
8540012 12947128
88599 40165121
8120416 414404
8408 401951
8401296 4020417
751246 12980661
746897 4171211212
91755 12876404
7911205 40641219
724008 4054226
915566 128812477
91527 12870708
9112796 12874185
911488 12876299
828059 127128121
8241227 12709156
7490912 40261287
8442712 4021066
928565 128714812
944562 12871449
914121 12876276
840146 4154074
868142 127111256
8619122 4124926
9044912 128888212
9112472 12941255
88751 128512695
8942212 12869549
79188 4064892
690921 12264686
6941249 122612571
69507 122660412
916112 128721298
861129 41146112
860597 4114919
8601271 4117994
864412 41160122
7712592 41292126
9129756 128712924
811564 12707756
8612776 41112875
92125128 12872126
792605 12856226
91211242 12868544
921918 12872668
8612605 4114054
9161261 12876267
92681 128751222
91212567 12877705
245044 41294475
6612046 4652249
662565 465225
66126129 4651995
74421212 4694899
7444512 46948112
614401 4620896
614642 46201287
614256 4619817
61526 4620187
760678 4756648
759226 4756124
75877 4755786
758891 4755421
8512878 47127528
8541276 47127408
852962 471271252
854756 471266124
849858 47128784
854041 47127689
895415 46001265
611276 4621961
749071 47017112
656756 46546128
656869 4655404
649412 46510712
8512124 47126446
9121128 47414122
746274 470048
662907 4651746
845071 4740195
755296 4754664
7604127 4752574
612981 4621125
692952 469919
9127115 4742266
9127696 4742644
8520125 47185122
947565 4716654
70585 4662705
812089 4705002
872416 4749911
874615 4749775
812081 474745
804578 47129061
729591 46221217
779105 47212112
660154 46582112
6858512 46812198
759086 475474
679658 4708458
774658 4602091
901755 458412127
905884 4705081
780217 46912791
9412655 47012965
7902127 47124995
8125058 47125289
791258 4729792
941928 4749879
609871 4620588
6909121 46412096
8120877 4705449
859406 47408612
6212687 46128298
724676 47112778
8466112 47444
828966 4745151
854012 4745059
6912561 4699629
75546 4750472
875275 4719624
9512145 4685255
95121212 4684576
796085 46120624
75112212 4628245
828074 47069612
621947 46128799
7501512 4741658
7416125 4692588
880014 461717
90112 46184122
62151212 4624748
695264 462674
8971206 4615664
81271242 4741877
700926 47011216
8571205 4721612
854266 4741064
714694 4682767
684146 46461218
904888 47451211
72874 4715885
614444 4621127
8912657 45985124
8081201 471272712
7805129 471221248
817621 4726559
642498 4647475
8561215 4744982
920105 47612888
7126046 47126281
846512 47481271
819288 47128962
8110012 4717822
7607412 4678088
871842 47125011
882402 471205612
862824 470122129
829927 4702602
744777 46948012
871241 4749556
7851244 4668445
7125914 4622829
757196 4720146
740176 4719286
682466 4709864
715492 4680478
7071292 4610215
881602 4722565
867176 471281612
86124112 4769817
8909112 4756411
762677 4675941
6612647 4678054
81262129 47094126
6622212 4678855
707797 46787012
6912624 46820812
854424 4751026
772074 4751229
780171 4746746
7712256 47484
69227 46128428
898204 4585059
865981 47212796
788124 4629228
9651221 4744764
844629 4727274
852991 47128275
7127275 4694616
611449 4621815
760017 4706867
712065 47074121
74129712 4694947
1215066 5611295
1215787 5611144
12459812 5607159
1224219 55961612
1240124 55912828
1210004 55912415
1252252 55882124
1216181 5588587
12912726 5611955
459128 5600227
12712051 560179
12781279 56001254
4121625 55912091
4212248 5589252
428516 5588718
41211229 5587214
425667 5586459
428065 55862128
425777 5585841
1297546 558612126
424795 5585729
401981 5585988
4201264 558548
4121907 55851712
406946 5584905
4266128 5584006
4121442 558085
405282 5577929
1291207 5577599
4214125 5576592
417911 55761122
4712695 5564579
449691 5560408
126294 5507944
5104812 56821712
292744 5647742
297045 5646481
1244647 5640662
1228514 57646812
1804122 5748674
20907 5718476
461029 5546819
425104 5585696
1219142 55951209
12159129 55956
4122969 5589168
12984412 5594941
1299269 5579057
2099125 57146128
127829 5599917
447045 5584589
4425712 5584512
1240712 5608122
4671207 556107
456149 55941272
28121258 56490512
4126648 55874512
416911 558126112
1294257 5612891
404291 5582062
402842 5577855
4129825 5590622
121297612 5607872
12294012 559414
1251704 558812712
1251712 55881255
261175 5655009
1278047 5611615
412045 55869012
1247961 56128677
421212812 5580609
4124108 558049
12249127 5592522
1219915 56112445
120212128 5648175
4712507 5594472
441442 5585585
122128912 55912619
217706 5717912
4402127 559042
4224812 5747761
1240662 5598412
1214201 5596848
12206128 55950127
12192112 5595268
2817128 55621125
41547 559412121
21279 571205
1216574 5619885
297062 5646107
291854 566124512
4481241 4607599
566222 46512494
512049 46125958
7112809 48168126
91126128 4872528
501244 6025105
50812127 602128126
4947129 6016919
4941279 6016407
487924 60211218
511255 6020566
4912018 6016908
4912929 6017087
49129127 6017075
487266 60261299
509957 6026671
474282 602089
465667 60149122
5012628 601912412
441674 610078
1266921 61514912
1276951 614981212
1275912 6149761
1276849 6149578
446082 6099244
47712124 60712842
485696 6062989
4801224 6027044
40651212 6024926
4851712 60260012
465798 6021864
477822 60170912
472219 60161258
444086 6012204
5012588 60291241
4801208 6017558
1287412 6147698
2188212 6048858
2269 6045612
2122627 6044509
151121 61112189
5646 60128967
181741 61474125
494992 601786
491466 601612125
566244 6098254
665886 6087154
6672127 6086801
497556 6027202
489175 6019552
510251 6040222
692711 60461222
161402 61209612
1211502 60129127
1282002 61491512
877448 6117207
599828 61191208
5654512 609661212
5517112 6098804
8197112 6104986
576862 622508
571887 622171
281104 6279257
727251 6168888
719102 612558512
767709 6289181
766416 628818
5541217 6490422
977114 6261858
785714 62121612
5461207 6499649
546988 6501166
572751 665012127
729871 61686112
1212275 612812295
271676 612676512
508805 6047141
4916121 6018986
5021122 60129697
508559 6021268
4940712 6016812
4912871 6016957
1282464 61491206
502872 60284
4979124 6024124
574642 62242212
164771 6121026
781027 5946875
794082 591280212
796904 59126208
799898 59126097
807767 591212501
807198 591212292
8012196 5912121245
800029 5929297
80494 5928609
790708 5927627
8112964 5916812
8061278 5912121246
8068127 591212091
81602 591211212
807589 59120906
8101201 59262121
786512 5925101
791966 5927418
196976 57708412
197024 5770616
196211 57701277
1208721 5564146
12001129 55601206
1200248 5559615
1205476 5556988
12012212 555822
7895126 5960686
789817 5954998
828468 5948076
762907 5919624
7661712 5986869
755979 5984759
79008 59549122
6467612 591291249
700417 5875177
1810912 5812529
181728 58061912
654948 5961054
6546412 5960966
417245 57782127
452686 59122526
5175412 5927256
514077 592167
27601212 56091274
2751227 5609147
2851226 5587125
1219691 557014
12241269 5551605
4827712 569021212
480218 56879012
207067 574929
285826 56674129
6151289 5861979
616486 5860285
5041286 58512092
5589412 5841217
562519 5840897
557786 5840658
565298 581299112
420181 57771222
7916012 5946984
798206 59212577
520967 59269129
6612691 5775957
6207212 5857256
812192 5944555
792907 59411258
808052 59294
782895 592129812
651154 59127156
7979712 591212277
1281787 5867852
1257261 5815957
2912872 5772049
484609 5618862
591228 56712565
4198212 577721
415114 5776276
1912274 58124968
1285484 5840649
1284612 581290122
197701 5769906
121407 584912212
2512004 57925512
1202881 5560859
1281894 5617065
29712121 5772022
2912487 57712276
191601 5764716
19715 5787552
1984612 57646122
204646 5789444
26981212 5750498
2517212 56912149
12012294 5555059
298927 5576768
196826 57709912
290778 5665584
122126126 5564295
2956126 5650214
2800129 5804092
269497 56044112
2120769 58121406
47612127 5688451
2261276 57121257
2891281 5625049
41442 5602274
2861212 5609819
12790212 55412755
121226012 5584012
199925 57771206
227625 5716902
8120091 57612746
61212558 56671412
6126427 5666127
8012127 592721212
809014 5924279
805904 591212108
8070112 5944446
81491 5917667
6561212 59612612
64697 5961287
791179 59268121
81607 5918085
8016512 59125294
806097 591212491
7081266 59651258
789702 59265124
78416 59198127
618875 5858722
1242289 59127757
5988712 6028482
1252141 59129546
541671 6048575
1249727 59127927
1247556 591281262
7161255 6065905
871259 612290812
7141241 6067456
7121781 62128669
4612668 6121787
21121249 6560421
029621 61285265
469209 61217695
0120289 61279864
766282 59200612
868791 59747612
800161 59126016
5001292 59061297
6412044 5726268
70171 59122918
6621265 5960924
7812157 59212654
8071262 5912142
807071 591212614
697867 5874812
79120112 596491
702855 6129851
291827 59112478
121014 59064121
41591212 5602978
204844 576011212
1215594 551271221
196959 5770741
211702 5774104
768066 5985855
7612749 5986742
196814 5770468
026044 612825122
121212891 5628447
4071205 57161226
12461112 581290122
414844 59121488
199144 5774741
207459 5751279
785695 5941786
805608 591241241
1205496 55581286
787506 591262912
8071207 59121924
809292 591212924
809084 591212818
80512812 5912178
519857 59264128
509199 58122297
608025 5856857
5641258 56201291
565471 60608612
1275265 12804968
1281177 12807228
121212212 42699126
12120968 42698512
12122194 4269856
12122084 426949
121224129 4269194
12122125 426784
12127595 4264727
