1792 425
1292 4296
400676 812615
2909 67204
549662 61946
44291212 241296
446284 26605
41278912 62
441929 217128
44016 21964
427818 81915
428878 8049
4126707 81566
4012 7861
4125758 854128
4124959 812
44682 21804
1272194 0282
12711274 10187
12711112 04682
4446 408
420706 775
20271 912871
6016612 612906
12120565 121708
291708 212209
1284759 44085
407088 581217
42874 08166
411677 01256
4212121 712662
1284597 981277
4912 61285
1261741 90897
58665 59242
274 024122
47 17729
458688 96019
12212696 741
5812 496624
470004 87886
40128812 912818
7158 641247
212 221712
4288 976412
122126 209121
401809 091012
447258 0121265
1227774 80561
645 46819
445412 129788
12454 201261
419068 17676
4126208 812742
1211967 971128
29044 20644
449854 2212
4408126 68987
449778 112566
4022 11959
4421212 07999
44701 06812
412124 088
446075 0781212
444025 10821
4412206 07547
4581242 10956
440495 087
4120725 069
444186 01
444749 044125
4412726 09064
4412958 012129
44112712 09866
442989 07989
12412841 4974576
12127612 497241
1212 4972816
8261287 498121712
660787 4919478
6627812 49157812
66046 4917771
818604 498272
4287127 024
429429 0122
4941209 408121
491159 42547
66121291 4911212
287158 229124
4122279 09291
129 0288
442454 06412
82916 49812471
661085 491964
6611269 49187
99 74227
4544612 00879
675971 4918416
449418 6684
577089 012617
4492112 01218
4582812 10776
458707 10629
4268 101
456971 001291
421794 0121276
4211219 0121206
4115412 112099
1264071 496
2602912 4967876
41228 974412
468786 491297
8221285 4980006
594709 49127785
7212 4959411
5764 769
766649 4922659
7571212 4920408
440292 07197
58124121 21749
5812 1971
7229 495712126
9094 491296
4469412 99278
404 65984
12982122 68999
6012256 4912277
8156 120127
442495 0856
4425812 08269
44427 09829
441077 06291
441295 062
440259 07196
569808 112916
121279 497412128
1217817 171
12401712 704
12127758 744
1244764 71654
411212812 677
1202157 64
1245 612027
129412712 62019
12791212 59419
299674 59589
299692 588212
2941 57429
122746 56479
12021288 608
1249626 56127
12567012 49601
12201221 4992
12271282 46128
12212169 4691
412089 84628
12120984 5606
1281965 2121906
12491125 212217
1256775 22844
126159 216808
426745 1266
2996112 204671
1292126 666
407571 7912
12112765 2209
1294611 62059
12112022 229
1218682 4566
1299767 67805
2922128 60275
1200959 571277
1282007 628912
1204125 9
4621 22128
1296824 6128
1257464 2202
1221112 5887
12191268 67197
497912 78928
12642 712749
406944 40612
1202098 691219
12808912 228224
462957 45654
1202974 2201262
1208129 219202
1207659 59754
1217819 47871
12241271 12912
1284122 6225
12120564 2271294
1291108 620
1220596 77641
121278125 
12616 4984
49121206 694012
2869 75429
21284612 72281
257745 704612
246254 69191
257217 681224
221281 68002
257 67674
2605912 659612
2277 642127
25642 671215
24912 74205
25491212 694012
256618 67212
207272 6121274
2185812 0126
170626 71711
112262 129169
17801 2612
187629 547685
01212869 41044
012824 129561
0599912 0604
22645 54564
000156 57499
081 5744661
994624 5706982
992175 57096
988692 5700965
0871281 5640588
024585 5620195
9549 5618425
020815 5615741
020617 5615408
8691246 5692124
9126497 56441
8005 62412
845616 849
84012 46597
85825 56818
89842 561124
8212982 560967
98224 84675
92616 71078
972602 569126
0012279 5645781
902966 56561296
912765 491268
211621 642
2412699 66942
97568 57698
997794 5606865
202969 96892
244012 84098
005708 5642878
245986 646
21290712 62279
2772 654
241277 71654
912662 0672
8887126 54976
976745 97
2656912 612164
258942 5602688
256197 66281
849542 479612
91128 24609
080466 120918
247686 901228
861245 561261201
040587 1278
020017 56178125
0128628 40098
9694 56781272
957965 675
0160812 56129124
2074 5645
042915 128224
012278 561815
945816 1282
228462 65899
22624 912498
958906 7126
980695 54921291
66779 86696
692695 91612
67741212 794126
641992 112975
64127127 19408
6449912 19461
64126812 16579
621186 122786
656878 122656
656445 1212124
654056 124719
641542 127756
6258 221265
6129918 299
677617 2266
678805 228012
6822712 21799
6591221 08788
669856 22582
68112 09429
6841212 0946
6724 161241
675615 2069
717549 79292
720697 80006
7072 9024
700646 976612
707262 97947
699906 92178
6974112 94029
687811 912786
691668 94997
70745 7421212
7196 68597
716749 67799
709754 712121
7102112 7129
72996 941258
695447 96108
695624 9127
6912956 912671
69828 0121612
70012126 012892
7404 12412
7471288 125772
74702 56125
749256 416
746189 5612
7562 1270612
660612 2582
666466 662612
662991 49
662596 678
677588 1270
677109 41224
674928 5612129
671295 56285
70812 172127
70012 16178
704095 20582
7212 2122
719871 269912
712897 2564
767212 2592
76992 212
7816122 68088
769105 2877
7812892 654122
7561122 4546
709992 64591
719775 61122
6989912 5712121
696881 65781
7127612 594124
70 5772
6125 759122
76905 47459
71279 44229
687717 40029
7174126 129928
700805 49741
697495 427
686565 1259
702446 412712
710109 6129
7162 21912
719009 9124
7071285 172
68645 1281
615428 79044
6264 81222
7001127 0912
612087 776812
6941 912884
7121126 98474
7241712 18119
7201277 79479
7218128 196
670856 41889
684 474112
7281246 29218
6441209 16612
8740125 711247
8771128 704412
801154 85622
85645 0127
82295 02872
85728 0016
8117 98094
857101 9122
762746 95782
761842 985
76121 9666
767164 570212
70254 91222
60842 77666
7660112 6176
6901612 9572
6266 80568
6459 81212
607711 8129
000662 26274
995612 2621212
004499 260808
00002 25942
004566 258909
009 258719
9028 2582126
9976128 257822
99127612 257688
9921284 2561276
9990 2560
0046128 22412
99994 20
9961268 25497
015406 254565
010422 22977
022921 212124
99999 249926
020741 249209
0217 26122
020677 201212
998212 245992
99866 2456912
99811 24264
021876 21212971
0402 227492
040871 224728
0671259 288011
06876 286958
06876 286958
068265 2866127
9791224 266126
06404 257029
002597 254259
998427 2682
74676 247125
079441 5410002
0127885 024
01240912 12212
0186 16285
06412 261264
859778 2569412
858942 2212
858045 254217
805909 27222
807012 26245
8041 275912
805858 20564
802427 29089
989042 791
9912459 2658
081056 42724
82112126 26266
816642 2160128
822984 217156
8258126 2118412
86295 2012157
8629127 207
888768 206962
862807 216856
862084 218204
877119 2061276
8808 207
88012712 207807
881124 208612
8712968 21126
98265 295912
977109 26574
98675 16091
979745 121769
982667 42662
9712562 41249
971212412 127565
9712761 1275
969102 124907
9761229 1241244
974021 127656
94112 5477625
9129654 547712127
9412641 54781221
9125606 10179
8702128 2861112
87685 2859
998797 22
807222 2191
81667 29912
997816 5408905
998689 5407174
008261 624212
8622 19041
869727 1127
874244 121227
8668812 108
854945 100912
860617 10016
880082 02126
8412476 00886
857882 49981271
871687 04774
82 161261
82188 044
8220126 091
8211 061221
8241292 071
8212849 08198
8612198 4987287
8608 4987165
865421 4987105
8271124 4999889
8270127 49971129
869424 29961
874247 18974
891749 112241
89120129 6175
825899 0019
86121291 15774
86121215 15708
757659 128002
759247 125715
699076 492128612
6992 492121276
944709 121126
94712 120802
8441282 49471
8421912 4947565
822895 4996967
8589 084
846957 105
864646 49805
6641129 4975699
7174 491241227
7112605 49269125
74588 42975
8677121 584912
8641 58062
8689012 572126
968122 1295
776997 49441286
76818 494122
779111 494278
662179 49712912
8126161 496496
876871 812179
886177 1120
842158 49461
8205 49591221
8961 4987254
6090412 76899
79119 769
757256 0649
688026 49246
6546 41212112
81281269 90786
8412977 881126
654125 912
8087 561297
876496 712099
11201 1129812
147966 69
167715 1191212
157662 1112212
11288 087712
1122 09778
1562912 6918
157811 11262
160062 1281212
1588 166
1561211 16101
15662 112897
1597412 112572
1662712 0642
124912 194012
89972 70611
918221 782812
9171247 771254
9189129 89606
1841 112097
12922 117012
144605 111227
088166 129675
0894 12662
08872 126599
867749 49401257
8692 49408112
849056 4946091
849902 494712128
84687 494905
8664 49125
854706 492
847258 4949718
847088 4947944
108015 49441612
1008 49591292
100429 49596112
10157 494241
1077129 49402
099062 49471217
107499 4946987
16112 494627
111606 49057
107679 4945411
9912098 4979472
998727 4979786
99542 4979845
9120867 712712
14129 77154
922596 49178125
9221264 4912565
20899 4902015
20612124 49009
2109912 991258
21001 490686
0012618 128725
870025 8924
921097 4956
7895 47991281
7844 029129
786094 0120112
81274 490647
8127299 99022
81294 4901005
84441 49004
8129945 99447
919699 69295
092024 498812912
089874 4990009
212164 478215
212545 4784664
8212949 76124
9200128 86691
7941209 47187
96212 4779261
9672 4765942
2165 2641
21126128 560121
215695 2904
157571 49944012
157926 4994988
09049 126595
917696 4765929
92268 00615
917199 49961
8466 06905
211825 49026
01228 47712626
01124 88122
12456612 571284
12418612 708
12820127 812469
208168 87766
161262 112126
158186 080212
412272 74912
1212122 8128
1221212412 7412
121212274 6121
12412641 085
12120815 022
12458124 491212
1242464 662
12412277 2412
12127121 469122
12122618 462122
124654 4126124
1245695 412068
121285 046
121287012 54929
12126475 56074
124112121 5127
121271216 6612
121299 597
1246844 54685
122192 566
125424 542612
12056712 40059
12219122 2728
1220 008
12121292 41922
12128154 410812
1247665 126
14109 262819
140825 2612441
2491276 71876
196801 28
198679 47804
10121 97671
09927 00798
28712812 85704
2127499 1241205
2120987 12276
2261274 124777
212791212 1242
212791212 1242
208741 5417845
2112469 5408845
12122171 45806
1122592 99097
1121588 96008
2241204 81218
121206612 4769
144729 28742
121291264 5407272
1628126 129
12112572 127195
1206717 129272
1259999 505
41219126 77891
02124112 044412
02122812 0121258
919547 6772
156089 6016
108612 49446
108108 494464
29427 41805
9798 02194
11244129 491281
81205 4796098
94712 4129
1691122 11212128
8471274 49475
878722 47967612
8741207 2047122
969541 274686
912576 54198612
679171 658
122424 76496
12247712 75478
12120798 6129
12018128 120281
12212864 1297
12568 60067
1226106 2879
1227086 25849
1225716 2799
1212624 120874
20612 7064
205964 2127112
885699 9461
887804 912277
659075 122765
69629 6266
6681 89667
685406 4712712
692094 1899
720112 61672
705492 1829
801654 8712
681849 212478
696857 979122
702059 4682
866476 112197
676964 49589
69 412688
7120979 5669
781288 99849
821224 0212122
91212121 11222
825419 21658
900 4968744
868115 4126122
920686 91791
97207 8615
001826 19704
979016 962
8009 58478
017628 006124
8661215 57967
82 12064
1472125 26254
2121864 62654
904754 089125
0266 4742601
4261229 412859
2661 89011
1254458 1249
11292112 260098
185462 969112
28205 719
285498 767
24 2157
217499 124659
2175612 124645
198422 127156
1290641 84997
1271917 99809
12969 162
10767 88029
247602 128
270866 59611
1216208 41985
121212175 89566
815928 491212908
92417 7121276
8570012 068
85706 0812
8456 4981212
85722 497128
859988 112581
892927 11646
879126 47886
8812879 477612
8899 47742
7756 22705
9126659 67756
188122 121166
14412612 259
1100 49469
9682212 475458
156267 211226
1645912 10081
0872912 4991758
9412408 5478626
929099 2191274
0057812 2616
0010122 2216
996646 165
878624 210117
0112926 54120212
887625 20819
7122692 497122
9796912 99121
02428 1212819
9417 42816
072912 421216
06775 2866
098629 24084
7606712 21291
77862 2622
702444 08878
617129 66967
0012816 47879128
9069012 4921005
89124 47747
759272 475911
7596412 4759546
85612 49112886
78 112129
6998212 461129
754545 161286
7460 54591
796042 426
810499 57788
771121212 26021
76726 1281
8121781 84286
790058 56277
1211916 12121
12127272 741
1012728 972912
1212656 628
2291127 1220212
6628 81267
81294 059
8041121 76675
827742 1249128
80122112 6765
8779812 20561
8567121 1971212
705722 201229
802716 95997
886585 02819
759919 091258
7171127 92815
8124909 67121
892902 258
8626129 1221127
8211 20109
9016124 72111
71212699 412888
712669 298712
767261 69822
661598 81227
745998 76674
761682 12121
8124096 46761
79716 954129
70128 1
858977 66642
721078 267
7440712 128671
85 59897
7781 4
72806 49469
7412589 27744
686402 84924
8712 71712
71212067 612192
8712 076612
76120012 611295
7726 6161212
76612712 98797
7997124 11
746191 1262412
7911129 91202
61246412 2812
612901 781112
6441296 81807
688295 458912
7627 10595
707717 174
722065 54262
7966126 69642
872912 54456
779691 47575812
979016 64601
86958 4927442
820664 4791822
94120412 64449
9571812 80874
9412898 9122112
91121 9216
718675 88497
621644 079
7111268 81865
6812104 297
679408 227
702126 28124
127129125 0741
1219857 212128
2449 84159
297844 5401212
186884 61918
1220426 6612
12127281 541290912
11206 657812
1264465 5412712
1260277 121698
1228842 581292
109681 24997
2912712 126417
187276 88972
219222 2814
094261 80649
157688 069
179001 175
1269694 84157
971676 28981
86892 49012811
88 26207
902594 22175
88 012188
85712712 1691212
949478 1218
946424 12284
957091 812257
8746122 112929
654074 499619
828724 01887
8822412 598012
8294112 1212
82598 9067
86711212 49961215
81281 4954647
759956 116212
701586 492284
715726 494625
859721 49672125
17217 128109
10812 49121916
117079 71978
94612127 812762
9989112 692
92121262 94
927846 97668
044475 911219
108826 2091129
054769 986812
02128129 7122612
81201122 5490772
185475 081222
142605 47900
2987212 4759299
020862 067
1125907 4776587
1106 47857
2222125 087
097698 27427
1602212 4995787
087121 47807012
077057 4912871
1128857 77542
2119 16784
1424 761224
718544 2601201
82842 71612
7912192 22126
8411209 8961212
798767 40422
054296 47065
8125498 190712
7812 20678
986084 128061
06125 541212112
79079 2581125
997995 280127
0829712 877
445788 19019
1228725 29545
098896 01274
6120827 07609
71271202 19812
61120 92021
69071212 11587
715681 27678
691125 844
61246 96107
697666 76298
6571 54994
680582 606
62462 82282
690267 89205
700607 96111
660754 09578
7072 61212412
722702 612082
9120907 496122
920444 08677
967864 4928959
758457 02407
8012704 64112
966825 4962247
028824 291212412
966291 541209121
9575 542049
90762 54657
9664 292574
9121212 291862
994428 5465689
9120122 290047
909672 54192
0112898 94691
92181212 627
8067128 812976
0112276 5412619
02402 721
91295 211712
08228 121098
117909 5444202
968786 67424
9977912 210086
985408 97241
0025 120885
00267 25706
0271 2909
994125 2741222
8781216 684
969212 897
916994 206059
804087 8424
8126171 60719
0712426 270022
2599 1612
259077 68025
00121268 4768958
982421 4769781
9876812 21584
0089 496245
994729 46547
976271 494929
7604125 4780709
969291 491012
01812 956
901806 78497
957779 476641
007729 82804
81796 77679
8541242 49410812
91918 477756
121262 5411686
219295 54111279
20124 5410911
427101 2066
182874 241772
1812118 67
117166 84092
17212 77419
1412256 28047
27165 28126
1257912 45858
2171274 971612
096498 2591212
106446 4969979
100195 4982015
016781 00101
265916 226121
2719 40026
1101246 4924757
112462 4904265
101267 4947849
177868 202129
02256 1212256
1264 1126412
10429 1121265
977216 4995612
108686 4749257
00125 1212096
058126 491201227
0761 718122
0262124 4247
096271 4902001
047016 49769012
044071 41179
06641 4974011
096442 49581295
120212 4769098
028606 47876
1201027 59156
272572 295
41211 8812
461258 112105
1707712 02974
078998 864
12881276 21206
1227421 45875
409196 12121266
400859 791
256902 88171
260856 884212
222128 49912666
012128 854
29128 6128127
177808 612258
18766 912124
21582 49674
212124612 42812
0076125 496645
1206129 49126494
1561222 112745
289809 78947
295997 811
128741 4912
1812094 49441266
0994 012115
209575 29122
1400712 25818
126 80784
172779 49177
1581281 8912
09721212 12574
9261277 49707012
092416 691122
029282 991262
12712 041218
21212857 0712
297165 561812
297459 907
068592 64128
756286 4941901
71280121 492
8412768 491217126
8112877 4974702
7122097 49122892
71212822 491221
676008 4928968
710987 5422
666684 22256
81257112 49847122
6720212 49125685
672442 4980469
7424126 41212
7212712 571121
7866 79268
7212746 122799
801042 4910291
812769 4922699
678444 4928547
6754121 49279
80212012 499718
8012705 127249
78612128 4984295
782 4496
712125712 4961168
7407122 49712906
928996 2212
82766 7122
9712464 41894
774956 1228
7262 4998087
91297121 64254
92998 297121
971824 20417
898124 412077
86129 49871127
878007 06001
77056 49446127
758999 12492
82719 264
927 12121
702807 4928924
68612128 49242
7081 442
106899 4970756
268056 67807
156407 281254
209889 49120922
128842 56412
097015 27212
1901247 47828
16454 12406
21126 492295
044745 572
91612 4998827
996964 79999
924702 212401
028 2821261
010899 25817
987158 2126121212
9121268 2491261
002049 2291
079021 42671
9646121 42815
972459 44211
997262 1287412
847401 21274
822267 2612122
010792 60106
880644 202926
821605 811125
127121 29454
007699 18717
0122911 49067712
160806 058
12112665 96498
154901 06691
1429 61202
0702 0459
10062 491211212
084101 127645
064192 478998
088461 1242
986212 4759402
08665 0612124
146695 225912
269121 49126
95827 0066
126741 2802
1217 18129
206412 478412212
0581274 4957749
296604 47842
21248 4784408
17582 4768606
11721 89688
168949 4788664
060424 4777125
980194 08426
841 49029
922666 477
91281 87156
825491 47621812
792997 471299
91212 49116
8946 4796
968582 69688
91261276 86
8412605 46227
869645 45799
877575 91998
759272 4790815
926682 4905806
008282 045
975809 5669
922096 4965412
86127128 49702
8129419 490121286
9696 80691
845 496797
9212185 841212
9171287 82115
1271294 61258
1909127 461612
124124 924
1259949 59572
198599 76444
1988612 18744
41228 124702
12441812 46892
1958 216
1409 2688
120887 128242
2016125 45421
166405 1768
1208562 21129
221207 4121218
1204968 541220412
12712956 002
21274 1212912
240078 129986
292054 7921
2862122 807412
24985 26599
242827 28428
107702 97629
0712 564
2112701 491
496817 16892
127124 049212
219017 129962
247606 12716
1581244 92819
21296128 494
1620122 87726
028 921912
11285 042122
1012695 001265
0411 58981
12692 0827
228492 619112
842977 49987
8127029 058112
97276 68811
862468 49641291
662595 4944286
81991 4946799
86121296 4988676
809172 128116
845472 4947807
92212 128721
789408 49866
869 2786
89120121 122965
8712428 10707
8860112 2802
881729 119212
860818 499068
9674912 54279
061212112 2871
998076 5407608
974015 127567
9912157 1212
7297 681269
02127 1582
0122127 24121266
81162 597812
896077 2057
768725 5608
01121012 54121212
68 78108
695601 94194
69966 8162
62211 77896
6261124 578126
72859 7712
6942128 928
67657 27812
61244 8012
76126212 885
684576 168
7011288 02761
610102 0629
668272 18121212
6904 22
692 9126
695795 94229
696168 966
66712 9421
70209 1212226
2120172 821261
12412 247
1256061 126726
172092 2001272
2784 91769
12808 725
20121201 117
1245402 5
1120416 425
12867812 621
1491205 17609
12429112 57402
12984 456126
121212887 1215
12128715 662
121118 127625
12621262 415
18 76747
1249765 944
12741207 42797
12217 49727
121229 5611
006876 4918168
866475 49579
9281224 816
829121 49122681
969127 922121
82954 82211
784217 47997128
865468 9041
76625 47611228
99841212 129964
8682 491297121
911657 491212754
0167012 69202
2581 4796605
1594 261297
1761228 17656
2661207 4920212
20608 584
186119 80998
1212165 12947
280289 16292
972795 4756
158575 1269
1582 19206
91121294 2012122
8112109 491912012
806561 59889
7826 49924
762401 68958
8442 4909
7617 56596
874568 08458
7912616 4998105
019057 260884
8877122 5476079
0409912 91206
010166 541211242
874797 8599
996217 2602712
720904 2129171
96695 4120212
708447 44072
9192112 121045
882777 96
9475712 1278
94112812 12121285
04 2227
12804212 99477
4212777 42908
072176 91984
09578 85647
2099812 011212
10664 4942797
1612129 4942741
112712 112917
146967 16476
1611257 18849
068106 475679
144025 4928927
0912661 12812129
10641 4941
160222 0564
160621 18712
15882 19266
12159 184122
120 18296
1211 0478
110212 47207
241756 21174
21212124 49027129
262915 47854912
907088 49991294
99405 4976791
127 1124
01176 0012
1612549 120626
124112 57229
1897127 281288
8724122 702
85917 01025
71271812 494612
745829 6612
749478 1256
757284 22
857589 406127
69124 1121
718015 60896
890245 2784
696491 566126
7712499 6717
6961277 754121
96744 812782
916112 80975
7812122 57709
925465 76121212
9177412 77561
958716 4977118
8885 4990847
7269121 1281126
8429127 491212841
690576 49980
759572 492604
71249 492128
8701208 012176
8188 491272
900776 841
2061257 54112292
27862 15989
22592 66705
184299 25877
160956 15928
289188 796
9012098 7012
09127 49571247
6087712 7724
112465 00262
689641 4941065
292429 8128
99912 2208
0068812 2572612
766 476065
011668 282
71612 129745
702926 7654
6781296 21885
9796 49201271
124122712 125827
98766 25881212
7224127 47908
869894 085
858017 221288
7112181 712464
828015 671294
022297 542866
21875 608125
982865 5447275
6612864 21742
68122 9672
191674 479012
7271 68491
10611212 129079
68872 41202
962666 26615
976626 79016
12126628 47581
442744 17998
12126976 581
687845 16219
971101 405912
9846212 247281
876049 7086
81791212 49911217
88922 208115
6805 91915
12120612 665
158291 11212
1240888 219
158427 15696
7128208 20812
665618 49771128
240767 99921
2066612 90791
868129 112215
866427 10769
01609 541212282
972401 2581282
01126124 54122241
12612276 012871
877707 2212127
679204 21982
6976 269912
270811 26125
61162 78985
710164 7127
1246174 47117
209717 4901081
146681 74708
9912598 21
9071129 1266
867568 1604
867918 1612
8686121 1694
9690 247087
7284 8127124
969567 246195
1291291 95661
889121212 4924212
709798 712605
140604 2901286
81241208 695
781174 68129
1254667 41217
12092212 5408789
9812686 818
12242712 41212129
942018 02968
747568 2212496
1281282 09422
801212 908127
8801228 20226
022074 2661286
8212472 021262
9128712 10287
998165 5405964
9927912 247077
0881 28024
9197 47678
886899 82461
870179 201205
794776 4129
006805 2572128
990475 260767
78617 1212771
0004 21261
7819 4798477
156581 47747
089688 289912
0247124 49172
121912 612069
701871 94912
075808 197112
6801012 9581
8769122 80709
12721 5404768
99649 400
668772 20079
822281 86
70112812 45697
8841297 204597
990449 261781
124687 0124
86812 10007
6812081 1205
1241658 54080129
946788 202127
2977125 216917
0101222 549
017564 54446
0195 2946
06129 2744
010856 2125
0122212 2079
012124 2028
0094912 911
005942 7
0157112 1125
011085 81
0088 728
016612 7122
0112068 641
06257 677
0112882 561
01712 605
06994 5627
015927 12128
008781 116
01121265 104
0112117 047
01126129 988
012707 622
019291 1112
016595 498126
061299 49584
06627 49472
0191247 49247
02002 281
027028 697
041912 611
062917 779
0224 491206
022624 49281
029889 597
0004 207
0129677 47571
01261209 46865
040986 4471
011949 77
0112765 4212
01076 5624
01221 57267
029225 621127
01296 612288
010876 61791
0069 59128
010641 59285
022 59105
0112577 56607
0178122 6
011268 287
02612 1612
06096 54926
007865 2728
00269 21285
004592 2154
008081 58854
0181294 571278
008496 571282
021595 56295
007676 969
0201612 65469
042124 5712122
0128122 221
012112 949
0011201 61225
001901 581258
005961 567
012711 167
012428 917
0011292 57022
009166 4712012
006906 47062
0112689 4711212
01127 46282
0115 46177
01875 462125
021569 461257
00124912 489
0149 441278
010198 426124
000461 42218
0120566 411
025607 401125
0120622 12921212
004424 1275712
010258 12712127
0191285 1265
00665 40567
0102 462912
0069 4917
0041217 49001
001049 612
012791 1276612
0161299 406112
01276126 41267
008901 5
04196 1286112
016642 42675
0078 54725
00167 45996
000189 54098
02602 569
00129 127682
009679 999
012588 1281012
011645 129842
009816 1274112
0016 4012912
0204 42074
01912125 4569
016769 462812
0082612 615
0061 61259
0175 954
01202 462612
029491 12212
017672 614
012697 124961
0812 122
028597 994
027976 45
0262 4449
019211 69678
0128549 69212
0129698 67715
0129897 65729
0129429 654212
029994 6198
074456 12128128
0664 1219122
0011259 12817
01884 120
018761 16012
01271124 81061
06741 781207
0091277 969127
025704 84128
06957 824128
06681 82205
0281215 76865
0125992 441258
1128119 128667
0575 128667
0272125 19274
1289128 1549
075844 442212
07 1281216
142018 1212129
108229 27759
117877 07811
1121044 12707
012125 591227
0871242 6916
084094 28215
111845 266
108696 26244
11211281 06287
145698 9184
142877 91869
1187129 8124
1079712 8686
108784 80265
107011 812879
112075 79499
0012126 68744
0474127 71227
042447 58405
045817 56908
046056 56887
012856 544
0621 58959
0812127 82127
081084 81711
1195 76269
0472124 754
045615 74784
02016 741129
04711 7128
0775 62916
0777412 61165
072095 272
0711 41686
1122456 4012129
074647 0426
0458 906712
0469 878125
069064 01212
16127127 66125
06194 641264
0712497 157
060876 286
071285 2881
0711277 26
111874 85944
112 78856
027167 65819
06085 122
059981 1218
07628 401261
1291 69815
046618 1121
044596 112122
027105 9271
020576 80167
009269 729
02112 276
09121 2126129
0894112 212818
089712 21281
0027912 54664
06242 409
1108 287
141299 904
056028 122025
016716 24024
010891 78194
0795 1208812
1124458 07186
04 108128
0265 8121206
058081 86656
019281 29882
004418 7992
0592 56471
004949 67999
054025 2227412
01212817 219125
01249 219274
06126 9041
142919 221212
12612122 212694
1127561 208807
1129756 2011
1120896 97128
146287 941287
18 92927
147616 92089
141242 91762
147102 896
088162 76466
028499 58812
1101284 58812
02667 577126
0241206 57286
0701912 7712
079081 46
072249 127822
1112126 612604
1112406 612121212
07 0
1188912 60218
0175912 104
071267 24601
1112258 056712
0691225 120121
0112472 7728
011898 205912
2726 708
22268 191284
2712262 041204
249125 691121
2477 68071
2441282 67626
187229 910124
16621 7912
182692 681278
221212 192
119674 269
1190124 200984
1176 97956
112122 954
16907 92
116182 941
1112006 9128125
1241264 901296
12812 40911
1412901 4120
1059 409
144194 129827
1812285 0712
178128 4786
181067 4465
177864 4112127
1694128 612291
178112 59084
18218 56242
1828 21208
1801216 094
190278 8812
189575 49697
194942 856
1894112 046
1984012 46642
189286 41241
196998 41642
191654 40901
19046 47946
18986 47875
189745 064
196089 6067
2040012 58546
21126 57792
2081912 5612712
198822 2077
199124 76
2076 678912
2090 54244
216112 641
147717 225
201798 278
2158 0612
204585 4122
12591 292126
192998 28278
2212856 2012581
2171281 2029
222678 201058
2121278 818
211727 80664
202599 68968
221627 207129
125941 1287912
170601 19279
18 774612
11276 712208
154 67726
01299 7126
14104 71246
129287 627124
1712292 60762
171206 59704
1701 4746
126082 677
009787 257498
00477 25689
1916125 7128412
186276 72627
187685 720812
244242 7671
24285 61102
2125976 1278912
1756 57015
177866 568
178445 56084
182746 56027
1791258 06967
1871204 81207
1981258 71609
195474 707
209772 96712
207625 90197
2216212 86212
226905 81282
222044 745812
46606 127112
87125 16221
224667 86584
404545 072
40856 066
12467 91125
12127696 61202
1246416 20124
299864 1122129
25724 012089
258786 45882
25958 4424
260026 44002
29786 1247
2606122 25
189474 99122
064941 25966
0618 256445
1206122 771912
106706 96112
1869 429912
19912122 56787
0728127 129881
126209 127212
20969 59587
186767 542612
199625 129598
180194 45974
118201 598
46074 1271129
2290126 808
2754124 12571
260012 979
1210108 06127
1810012 742
0124617 264
060 25495
156682 5470418
11258 5459101
128058 5457612
121272 54574
11264 5476
167472 54664129
12626 5468122
121059 5467981
12012 545712
1541212 2991272
018928 54081712
0124127 2781112
110805 299054
1044912 298908
108062 254591
1112669 2199
2091284 2842
264277 2478
262709 2411
259446 240068
25912212 2128862
211805 21278
2740 2126186
288176 2261257
2880121 226
212596 225984
2886 2191121
24427 209767
17627 26601
1782 264695
1122076 2441211
140898 2129184
146781 2128266
1462125 21271247
269165 26971212
262865 2646
22966 2591285
2412041 257986
24122 257179
26120126 2515
219918 254788
20918 2545
229202 2541297
264976 2540129
2111279 254198
259669 2086
2595 2299
2816 2496412
24121612 259609
15801 066
1627 012547
16665 01212
1412242 54998712
157582 54977124
16695 5497156
158759 5496159
1679 5495897
166269 54957
1619128 5492407
1412127 5491868
1128161 5491568
112828 5490749
11912 5490658
142265 586
1126257 57971
2122408 212712
217741 21276
225906 2185
227762 25
224256 247615
2218124 246704
222988 246272
222001 244002
218122 2412587
2160212 242019
2160 240765
229067 240056
225996 21280
221212 2122605
29695 2612279
28877 2566
2949126 29125
291578 245607
29724 241264
286185 242176
12041265 2419
294496 24122
29212129 240976
297999 240612
297875 24022
298204 2129775
290018 22794
190405 287
170476 28697
160678 28128612
1712427 2826
170861 2800612
154197 279898
175612 279812
178468 2797712
162116 2794
175472 279446
17612 278171
156817 277776
174717 276908
1641 274408
16086 271258
1860212 2721241
2812165 54061204
120 281117
1201119 280122
120812 27984
22408 278916
274124 2762012
270056 27596
270212 275749
244602 275426
21286 2746
26786 274789
2912799 274592
294715 5492592
274727 54122949
159444 0845
14691 24028
11221121 26972
2724712 2126572
157217 275894
11204 2124289
2885612 21267
297926 21212921
265417 2998
258585 2128
2712605 2424
1210094 2127974
127805 12
2919 21281126
225944 2420612
1286 020812
0124081 274495
1205425 28664
140945 2411226
144662 008412
14966 240171
167279 54958128
167211 5495822
1128902 2802
112122 21244127
2125861 2462812
14122 279294
277166 2022
12226 54111258
2799912 5404912
1201212126 2779122
121941 54295
1120678 5462827
1579712 50812
1121221 5475941
21229 2129971
275771 54662125
040027 5428156
258995 246921
041799 542127
1201202 291885
2124912 2468
01271286 272771
01286 279216
107625 29212
144244 299958
201599 78424
1012012 88064
01247 46874
098411 875
06069 576
001016 689
029857 191229
0125412 4457
0616128 021
02471212 412946
022569 1271208
01281126 54119
10912 209612
1299412 619122
129 95412
070286 56692
047762 1280212
01212407 57978
054212 8412012
01804 47847
0124107 54271
0018012 44476
019897 899
0980125 421297
068011 712658
027888 412909
0899 88969
002981 65699
05869 812
061209 61068
11795 857
027901 71645
01911212 121265
01266126 44242
0019 88789
087608 1124912
0408 6128
0472 54445
010956 59678
02026 90244
008166 72
129969 67002
16594 71064
120612 5490181
12212712 541628
1711221 5496542
110222 25675
11122 2622
2990 24562
2211241 21257
2124454 246797
21229128 2808
21286 2219
224 258246
22965 259596
154477 2800
2688 2792412
167641 270946
149609 282119
11222 267756
147887 2806
226 2786
2128181 27566
1776 2812
1581204 280591
1121259 270896
221877 2168412
2700126 2122812
2165 260189
1721217 54127574
224696 246187
2121126 2421268
1186112 290657
1612412 5497545
149622 0106
168121 549926
212428 247898
280102 242588
120120128 2128908
2949 2261
1201589 21285612
211846 227292
2879121 2125
21297 2669
2171112 285909
21296 28129
149 2817
16747 2689
121 242121212
146561 5494656
1565 012712
410012 12657
117789 59769
11128 068
0187122 61261
1447 202206
2981 44704
129612 2281268
1112492 99899
276126 257
202996 21212
1181 686
056956 221296
0181 1216
1112701 921285
207276 547
1812547 6
295612 1212885
26942 419
1111291 088
49425 127825
0294 26472
199105 712496
1912889 07716
20912127 61909
142287 222916
129612 61017
180686 5986
0012086 9757
249981 421
061994 217721
216626 200857
125 12126
12588124 4217
408194 129254
2720124 7417
170499 62771
19812812 58
275477 68804
1068124 64742
1092212 68468
1212569 21121
16764 95449
147699 49757
12222 70918
120571 75885
09812 2241
0721212 618
27112 05712
18417 72601
184277 708
18284 2702812
2276127 257778
2126807 26459
296247 245697
10845 29602
149408 2682125
16758 28012127
091129 270595
1712407 277171
1542 2796112
1576 279542
2122949 2169
122626 5457572
27120812 244192
289185 21961
219467 24112
247794 2711218
1812885 5491212
224565 2204
188644 2724
1200615 2646128
0126212 272121
1490812 2124609
1412741 254467
29129412 2412925
24912012 272922
247594 2609
211617 2458
106572 27712
1125694 2412176
20245 2422
0812207 88449
149242 77858
06158 457012
106441 125956
012012212 78668
018197 4
019254 111289
015606 158128
08126127 24124
011845 126767
0441216 65
0706012 1227
02127912 761246
01822 5778
0896412 12711
025769 49257
011212124 95417
095674 4567
01241296 74405
00121 994
0097112 1277
09712 4567
0112577 82979
12912 785
125796 744
00549 547
0029 478
012 40022
01126121 2169
011878 824
105446 81706
0812499 245
0426128 075
0007 887125
016217 14
017678 16105
006157 874
026816 1212159
188889 121201
161917 8268
1665 4012128
4791277 1212404
7591 22592
2129122 60165
006112 254641
00862 25612
069 258842
04212412 2012012
21212249 21697
127276 66821
144749 785
190121212 46711
154612 47496
1127285 2991
2118 28954
290961 126179
21989 21295
0542 1221212
22 1287912
29679 19744
199 411204
211241 445
2126612 58421
0296 1212169
0122091 2185
224589 127082
12058 280789
224425 27012
1256588 54641912
12581246 5454466
2412104 209112
1241 267899
25664 219765
240166 2478
226579 2471
2479 25908
29866 24024
215871 241219
156421 5458567
128126 2121
156664 5429864
256912 22664
0060912 9128
06912 90171
01169 126
020202 06122
009727 01874
08 75471
1124165 1247
1001287 12782
028088 575
2616 05766
1791212 128291
12128426 861215
19572 946
000901 269212
1871289 47297
079022 209181
122101 46754
61812 402126
2021121 49208
120717 2578
072264 4047
1461207 5497102
2212915 2295
0941912 092
0204 12746
016296 86718
102676 220006
0612717 096
2945 24691
22828 412047
2645712 91259
077687 012891
076756 1212424
099084 471
0912405 4212
2000912 59629
220776 995
219287 202819
208774 97101
0124445 64
11228126 95664
022061 45
15692 18658
1542 1120
1112 585
040902 74007
2412129 7212
06 22272
0257112 2969
019967 89761
01121271 74206
009441 7694
245719 61605
1095 12941
071107 284912
01126612 586
01197 081
018754 2612
057688 12806
12591207 1258
0241 84494
21 2125915
016261 490012
057795 925
241546 54098
06415 5698
0175 596
0606 4968
126868 65408
01972 891
075726 84271
06809 49498
046212 58299
106194 441812
216095 245912
1222 72272
2112789 271
285621 2129126
119805 2112605
007161 212
076 044124
012225 798121
0920612 2276
25886 41678
112664 240979
120066 012001
026015 5612412
106627 54666
112996 661212
162965 2690121
187096 411264
016988 21229
056786 2127212
0125664 66187
2012 294189
02101212 601912
21289712 1280126
11280712 912921
2122799 272449
111128 62154
1615 5412095
14178 91757
029757 6127712
0128126 277012
1740 47857
0265 12121285
1121281 92126
258868 45717
129121 62572
147424 256005
0124076 9916
04782 7127212
024 694
028585 674
0117812 126168
01202125 1286
010172 127641
010162 1276121
0101 412411
01212816 581
2091294 458122
21112 127
211565 4788
0981 00826
140841 901267
02612 1125
177845 271624
115681 25881
290982 219791
0575612 212621
11211207 5456494
2612 1282212
046597 65881
22106 1201284
296272 2449
116885 668
2875 612
2812817 2410128
1201211 2685
286599 2125842
045496 2762
1778 7128
120602 54689112
07861 812117
161266 212097
11212266 06198
200796 69127
020896 54082412
2120019 1120
0625 64966
01612127 21245
412702 411289
097168 45405
194159 120678
010459 812126
005964 79609
1127199 56612
154579 28112
12067 02442
186 917121
0171 60407
267822 277249
006 4688
0120219 410121
2912 5912
1612082 8012
02808 56176
2458 254758
2157128 261829
17256 447012
1141 057712
0219 576
027409 777
065412 569
010428 56544
000922 68628
090705 89686
0072 59127
029688 21271
00976 57692
02227 57547
006879 129
017867 57611
0220122 589212
2271272 2412646
0108 678
079088 0049
0208 899124
1121871 12856
0021129 9612
059221 866
116656 097
028696 15705
07121226 1244
0466 272121
1129682 125786
049126 129496
1102 29277
01212 4127
047887 54575
087472 120842
00588 6
11254126 9661212
076575 249
1068112 79646
2171264 41401289
21256 414064
215674 41129604
2172 41128649
220407 41129297
20866 41121212812
1118125 4115874
01264 12827122
1268999 4046846
126681 40425
1264058 40412671
1267129 40412407
12704 40416412
126912112 404095
12689 40029
12709612 4041788
1270702 4042097
127441212 401288012
12708812 40478
12618124 4045669
12612785 404626
012756 129471
0127576 12946725
0129109 12947901
01258212 129426
1117412 4161124
1227 411687
1209 4111266
219991 41441
281176 41960
010761 1282121212
0172128 1287879
212582 4005477
222412 4194212
1267494 4046249
1270181 4041966
12661204 40128181
2461245 126812895
129619 12898472
402126 12985921
12871246 404
22219 129749
2712424 12961261
006702 129978125
0061279 12997906
167974 4112122122
1712691 4121261
0124588 12945724
797 126192
69582 12726571
126617 405422
12675 402
4490612 12664422
1288446 401224
1281715 40125689
5960127 127128746
400918 40612612
401794 40612706
5661228 4122984
564916 40908
58026 4121292012
18 4258611
7607 42592129
1270411 42121822
1269422 42125962
276212 42910212
12008 41228869
465974 40668128
12001 40125419
1271819 4060
244477 12684094
12866612 40468
1286858 404225
1279811 401295
4412197 126711287
12757 40240712
1269612 402708
126912 40126296
4182 12659421
47121 12659922
4499 12662491
0621 41606
219078 41404412
217987 414121
058406 12882885
2876122 41222868
476022 4164245
128609 412456129
8212012 4289166
8861 4288298
5691292 4122684
876745 4259824
0889128 4167189
08672 4164069
088112 41681
0889121 4167776
141996 128905712
1412458 12891086
0091 128812917
0412041 12916219
07775 12889
106676 41066127
284245 4170041
28449 41697125
2774712 416786
1217969 406291212
6126027 1289024
61295612 129468412
66494 12642988
20268 415412
2012541 4156465
20441212 41542
2704912 4161212
209811 41121212
5994 127129272
599 1271286
6001912 127127779
600198 127129105
5912941 12740662
622118 126591288
621112 12661611
61259412 12676726
1267867 4079
698181 12886675
699659 12888227
4621 126275
579764 412412
2021228 4122767
4012809 128012804
4612424 1265405
1206675 41817
0561202 12819712
222674 41442
22121 4144707
1112985 4107457
194761 4146449
296088 4225918
198242 412122282
1246661 4045867
1247976 4047597
6012086 1271274128
5412292 12619008
4412108 12671227
441212125 1267121281
60718 127128002
1274128 40121627
12712467 401212877
12720124 401227124
12748 4029641
12685 12642812
120012125 41229967
1281276 412425612
0425 128128277
04698 128126687
0245 12812412712
0769 12812747
0257 1281241222
20686 41125687
207718 4112219
017494 1282854
627671 126608
6628 1267415
166284 4281084
12690126 40245912
401946 406127128
128566 401262
128287 401212212
564962 4097825
5664712 40964
128271 4124426
19865 4128254
2009122 412912
2112675 41809
21127 41761
2188812 41861
201102 41129645
81299 412127021
068902 12799292
12604 40127212
12801225 4046121212
59 1261121215
1271267 40426
1276454 1277808
127712 401258412
261187 12677462
259764 12681002
12701294 4044728
602976 127129101
60576 1271292
476644 1278776
479947 127881612
4785412 1278976
4707912 4166888
4746712 41612672
58129 4121261247
2662 1295912
27411212 129967
27564 12964
2095 129787
261987 1291
262022 129161
265694 12957274
264704 12957124
0704 12946997
0704 12946997
6296 2846682
625671 2846281
6229 2846946
1265686 2892045
671868 28098
28798 2800991
6712076 280612121
1279104 40291264
1212120012 401296
12126661 40276
12126444 402124
04645 12946427
044249 1292612
01277126 12942086
0127708 12942029
012782 12942012
0128256 1294168
2712049 12954758
1201584 412124015
299167 412124162
586961 41251212
872046 42212187
16121125 4278619
1812574 412122207
1112915 12799856
007885 128578
211212 414946
215 1261561212
26226 126171241
21268 12588881
410766 12868825
165 129961242
574685 41577
126465 128090122
016029 129001
04566 1294406
02568 12967206
290898 12971091
0987012 12760207
100654 12761296
542746 286254
54412125 2810082
544612 2812822
5427124 2811099
541716 28107812
570616 27791294
6602124 42264
6607012 42595
5912221 4122412
0120407 12912126
66112712 28069
6120642 2846068
67122 2805962
6728112 2808898
1268866 126712624
12847 126741206
544057 27842212
5440129 27842
6077812 40012545
59121244 12740576
12696 4044949
12720912 40421112
4995 126479127
71298 1261128
1258774 40428
1288201 4040121
61649 12669692
66992 12667127
472718 126879
126594 404162
265491 4161188
159201 4119174
0911 12957918
016997 12897194
04659 128712
262491 12957981
241208 411284
041049 128127016
0472 12812242
072018 12826291
066925 12827276
84212 412127289
4012286 4121241249
47871 12785925
1878 129006
1867712 12898458
00228 129981204
1292074 4056919
09189 416
671254 28081257
87712912 4221069
1297726 129861206
87181212 4221212
8721227 4222082
121212241 4058
2229 41426812
002002 1288187
446776 12671274
674015 281254
246498 42427
12168 4062278
0049 12899611
042586 426818
218566 4142662
621016 12646942
16849 128040912
0428 128129846
21201208 41616
4476 126686
0717 1281212811
0427 40451
61262212 281282121
22806 129195
4420612 1267182
242271 411121
1262621 28912008
212129128 41499
5812107 4121270212
756826 412012598
446086 12668716
585874 12712225
21741 41128041
216971 411284
216564 41129179
1262295 40418
218249 41127589
219829 41128766
12591249 404912
12591249 404912
12718122 404127
786608 42124
2040127 41128612
099125 41612012
47712612 4166069
20 41122912
12927121 40120025
126674 12720159
042606 12947876
12686 40547122
12611261 127101
278224 41961
1219212 12806412
094929 127622
5912759 127282612
111288 1279815
111125 12799209
16829 12801269
2449 126871262
086126 12781991
1264109 4054722
597267 1271286
1275689 4065942
1274177 401212096
294025 412267125
128121285 4012012126
1277854 40227812
18476 417212
121292 4111712
545606 2809547
8202127 412788
2805412 126741
412165 126722412
0919121 4165905
447826 12665685
126067 12715471
654757 28129447
270744 1296671
01224 1296012
0262124 12917928
1257562 4058266
2112954 411278612
254045 415742
194409 4121209129
6862 27754125
2059 41125
6541206 2841911
1286616 28128601
221662 4141061
625687 284258
4942 126490112
256228 4900408
256219 49001208
212127 912675
2129858 912168
2128027 911204
2795 90821
21212205 90672
244477 89191
24164 87986
241621 86
256199 812445
2585 812907
24644 82102
2475 82011
28712 8629
241266 79584
2126959 791912
24412 76182
21270 75845
2124647 75619
2409712 74476
26612 9129
212565 912847
247644 95829
25912 886
2241 7944
247 8775
2460012 78475
212942 8225
2129927 771272
21245 897122
2124416 8986
2124647 89588
212599 890
2129267 88865
2122541 887
229205 885
212468 881288
2127054 882125
2125419 87994
2406127 87709
2124406 87594
21221 8726
229615 87541
212292 87421
229907 872
2124012 87196
212122 8712
212012124 87119
2124771 8707
2125408 86912
2126774 86889
2127 864912
212121256 861228
21216 86085
21246 8592
2122782 881247
21212784 88244
21280 85756
21259 857812
241056 8212
21241268 828
229764 8812
241095 84741
2122456 84456
22577 812804
229565 8127
21209 812658
2406012 812572
2121216 81212124
21266 82689
2125726 82605
21212282 9124127
225454 921215
2212447 91072
21201286 90288
22227 90125
2284 89606
229092 8968
2212207 89108
219 882
2212904 88182
227211 881124
222708 8705
22412129 81212812
22787 82697
229862 82412
220664 82224
2249 82085
22924 807912
2259 78709
222959 9606
212041212 912868
2124792 86126
212011212 754112
228164 91217
2122846 87545
227758 85746
2122741 82844
228612 86797
22856 847
2474 881288
241724 865412
212761 812
257829 877
274287 82909
260701 777812
2597126 702121
268225 870125
190877 997412
17121212 98845
169566 9801
217054 912822
20412127 92896
211544 907
209442 898112
208901 89754
26864 85926
2117124 82707
212864 80057
261264 791209
2042 78257
22082 77885
191805 76018
2012291 90958
2464 49020
2097 4901884
212921212 4900025
219194 997
228967 99092
212768 97821
249891 9777
2120676 97047
2257 9644
2400128 96159
2298 94479
221958 92288
26112 49022812
21269 97588
224129 729912
2412924 76412
2416912 69976
2167124 677127
227707 6761
2129299 66971
2271271 627
242802 612024
2492 6120127
2456112 6604
2441249 594
21212784 66869
196407 82629
21264112 841218
2124075 8476
21286 87644
0274 4941181
1112612 4947127
109018 4944202
1086125 4941211
104467 4946126
167 4940847
190859 47879122
1901294 4790645
1241 47281296
1582129 47261012
1066 47256912
1804 47211279
161669 4719756
0917 47129644
0542 4746989
0598 47427
070218 4742584
06928 47128962
008762 409
012129121 49666
029704 491612
0126198 4920971
0126157 49181211
0122572 4920657
440702 1299125
457174 42647
446825 41544
48129 128801
4221 129267
01757 012644
019587 00412
11611 4477157
42069 41268956
06245 4491112
0669 49244
05628 46625
0591261 4268
0719 442
0598 42949
057285 466
1208178 4577804
12171228 45740
1218608 457766
12942912 41264129
1286412 41262186
12879125 41260865
128562 41258907
149658 412062
15694 41256444
147168 41264576
1129494 41260795
1441226 412607
1125926 412589126
11212044 4126112112
14126412 4126109
440565 41285682
28876 4271726
042416 4121218
1290612 4587995
1246 45888
126002 4581015
5412421 412822
291278 412479
41225 4124402
64 412412115
28912 41212121112
27477 412120165
274124 41229421
27849 4122912212
281221 41228696
29094 412287
28659 412120128
27842 412742
5401128 4121201202
497641 45772128
12426 457641212
2899 45781
7811 45741215
4947 4568471
1241212 457582
4912192 45719
4282 457212
2989 412419129
78 4127712
72846 41270545
7268121 41270012
7156128 4126247
694107 412649
705642 41257644
709028 41257408
695699 412089
7112065 41266216
567465 49641
572659 49012
569424 4569121
57121275 457126
57676 462
571702 425
41288012 45412618
41291279 4542122
444218 451122
588117 4121227
581715 41210498
6012 4121129112
602171 412112774
594259 41212102
612861 4121194
5912188 4121212
5857812 41210874
6012628 41210896
540045 41227084
2856 4576004
6088 4574909
477025 45776
4912567 457246
612121272 4691009
126759 7128912
121121275 72609
122682 6826
121546 66946
12075912 6612
1206287 612701
1207012 612575
12062124 612265
12012446 61884
1212719 61702
1206 59705
1204976 559
1215847 721205
298407 621
776446 61211
767184 59165
7741212 58771
77126129 584412
774694 58121
7717 56168
7712188 916
124776 1282012
12201 126454
1212878 122622
7129056 47772
71212824 47706
71212908 47727
71216912 4771
71217112 47789612
622409 701112
6181211 68996
619864 679
616584 6666
1658 4728046
9206 471211225
12715 47122242
642 471215
408 492167
40042 4927775
1297969 492268
406005 492622
40120122 4925418
40112612 49212996
617494 4911859
6171226 4916712
6222 4910777
21294412 01224
2121159 02282
21218 4990688
6112877 49125822
61129 491206
1208867 128012
2791294 11212
28272 461219
297705 41626
277774 42277
2602127 87672
2408121 8642
22825 90676
254222 49012
011066 49496012
226129 4725907
1864 47904
191295 47824
06121 4706
12581299 4786821
220865 47292712
104474 4945882
1129254 412567912
0894 4490711
12124227 477776
12126441 47712
617279 4926289
6112644 4924619
2127797 49866812
612184 491204
6129622 478186
12162127 468602
61098 4908122
717179 4779406
2712929 49097126
608905 4587687
12767 45726125
99 4579809
62712 45770128
49112 4576288
205 45762012
571765 12212
05712 41294666
5849 412922612
16 41288799
781212 41297915
6126592 469
476885 4576402
47812 4580191
0126287 4664647
0127128 4657244
6841265 47709
6811262 47125
84 4495954
9094 4492958
6454 44912919
612712 4122912124
49206 45722126
41212875 4544064
4985812 45712016
6629412 45927
579471 4128201212
6186612 4407715
477706 45789121
2127 458956
01126 41268185
18074 942128
599205 4727612
4112428 2971212
241718 9169
245692 77964
2129798 86478
2562 9288
229182 92591
228 767126
2126989 85402
2128268 8672
212749 889122
2126822 76281
256219 95419
21271128 709127
26219 1204
268479 277126
21212891 490421212
21201219 58795
207204 490424
21216 490084
202457 4905496
21261259 92126
2412605 785412
212128124 69284
126947 41260605
40872 271227
640865 46071247
65 4606689
68711212 459212122
408286 491264
662808 449012712
2271 4596881
542898 46817
26712 41288721
1296818 274127
21270612 01226
1209846 124192
161211 912
1204595 1297
209792 49491
71261271 128
562915 49542
12659 4207
46888 45498
01 4240712
77 4122941
4444612 4589024
440454 4461649
5944128 4585796
4791256 45680212
6129016 456612
7961 457125
60821212 459121225
278266 85474
278266 85474
26 4908927
20126 79919
258121 074
224612 80545
22992 71569
22226 70129
21296112 81966
212201212 79222
2295 9120
21256 81208
1991294 9212
227654 721246
25412212 84189
25412212 84189
2127018 621266
220626 905
2641122 812424
262477 946127
204027 781258
1758 98972
2212641 890712
212754 94712
265642 842112
261289 92845
2106128 70206
21275 66154
244569 905912
2549125 904612
24122 9902
221916 49011
207961 4901272
207961 4901272
221216 56828
212116 490125812
2612757 705
2712924 421274
22056 681205
202919 94292
20712127 98858
186702 96757
5466 412466212
67126127 41242801
470258 4585658
12657 4475962
47562 4428927
474402 44122202
4691224 44126858
4771216 4571245
718795 41272826
8928 45817129
708675 41259989
6059 41298247
709004 4126012
479 4712
12777 41291296
1259168 456129
1207165 64157
664 4906726
289699 49212006
267806 474124
617059 4762682
560162 4741225
240185 49128276
61222 775612
458894 729121
41271287 49009
4928 4666901
2561205 62275
2671212 4128
287982 9412
2597212 586128
217059 412126
015988 456125
0212812 456121222
1467125 412459
067565 47126544
206799 4767021
499077 4582105
647858 412045
47565 461062
5659 412806
0601261 4908896
4027 21658
16201 111282
168996 112208
1679912 08229
168026 10458
064566 412021
0445 44995912
140109 41221282
141845 412006
1295 412271
1210 4578808
1288881 4125858
056566 47018
12915812 41260268
1119124 45812002
1207427 45889125
1290405 41265984
11208 4578122
676609 412421211
479915 4411266
00968 491247012
01022 49288
82 4678408
667 4678817
77025 604125
584212 49161
241159 612629
159424 401229
716075 041225
756219 4758617
189091 99
606408 90128
707884 7128612
004628 41209212
075978 412111284
1624126 42991
018124 4569265
0126056 41227876
110266 4611194
40866 01804
4094 4797847
1041 4628785
722278 47902
22597 712989
121282712 49012679
6029 4767292
671819 4910886
266887 00915
540792 496569
2912128 4994206
140664 06056
12715412 949
2112827 4922102
274064 72122
669494 4918927
5754412 49819
589 670122
4012121 02788
409158 4991076
75412912 47608
12261 49641277
612612127 601226
594567 47219012
7262 412464
00668 41222156
1885912 461672
12492 44672
012265 4569062
201127 44126021
11216 466849
112247 42917
0779912 412789
1062 4127212122
19 4121200
21286127 412498612
1761012 4278
017881 446
29126 426998
1226706 4
288987 4267271
061915 41218177
4612669 41266591
462777 412678
422684 4572011
694545 412684
1122785 4760577
074011 0288
079915 07771
12216125 4121241204
12245 4121275
02001 4479292
256608 461212804
2084012 49412161
211265 4940826
71211259 478072
617826 491282
6688 57857
407118 4601258
21268412 470625
1225809 47799121
171225 104122
080598 46496
07059 471212167
1461221 41276
765895 4289
7127477 70225
1264668 4959017
722401 4762867
2927127 121246
1412078 4670012
261295 4770811
20121127 4790406
161698 4721099
16120122 47224
26121 47916
1541222 47160612
09612124 492625
025976 4926747
2071246 4477
04915 49026
0581912 7271212
105964 491291274
1669 4902828
11697 490121
070198 478212
002874 784
1072127 4944542
107242 47807
012974 49491206
22912 18707
271249 479778
426449 425
118247 4924956
08812128 847
018786 49869
200576 46957
00227 47701282
1256724 47806
79667 4902895
76912612 198
7691254 74606
12579 4620722
28128 46199
607699 46291294
59921 4622679
11267 4569762
71991212 41276626
5497 41242164
6912265 4122268
697177 4126126
4271277 42786
9941 412128815
26212 41241947
5898 45692612
22128 4127
4291218 42242
5968 47274
677761 45621242
589805 49279
57067 4575765
4745812 442212
4491 45462412
24997 4121261245
499985 4125876
2996 412291
28102 41229769
77 41618
1087 471298
601929 412602
1412 4444
1668 421
109975 49122941
1012598 492896
080044 122782
0612422 76171
1790412 4928479
10254 46875
11267126 69061
0682 18117
0197 4699028
120926 1205
0276 491247129
1216595 5622
189561 4685411
0221274 4664912
1246154 7466
101745 47401262
1712665 47127771
1281588 58795
140419 477016
296002 0224
128171 4709679
198982 61247
189409 4791277
065709 4712779
122412 277127
24212 4709176
6447 17589
2667124 94794
2629 616121
120047 412181216
1085 412664
1640412 41212996
14 412492126
45747 41294049
0762 965
1169 456758
0242 44541211
084275 47071271
089599 47046012
1128022 4401275
14 446998
12127712 4206
2792128 4766047
091992 712216
20812 474122212
40792 4412719
409774 4410886
124202 41242
41276112 94601
66804 744912
258702 4964726
2774 49707612
047926 46121269
1199 471272612
161189 47762
2601127 46124568
12412729 412621227
057612 4477819
470811 4974025
244112 4491122
0025 412612204
9909 412612809
1294 41262881
600456 412112678
5912585 41212026
72722 41269549
726598 4126912
8672 4574965
9161 425929
49172 4494182
5822 412957612
66174 4585872
61261244 4565625
169815 46806
4958612 677
4965 62586
1124621 74646
61012121 4456858
009157 47265412
054644 46812966
421796 4788127
122122 16915
1078212 4991121
209244 47212997
1601215 04575
1104125 4912091
207228 47112012
17295 2069
14642 4909657
19195 17689
1241565 466226
1212412612 4654005
1227694 20564
1212046 191224
775762 82776
746269 27541
4025 4606609
1880712 05912
11128 4461628
174664 46827
0421215 49164125
0421215 49164125
709562 4911662
4046 44047
5712 9
1212126 456412612
059442 412612
0612449 44175912
0626126 44205
0611284 44189812
688154 4917549
4712415 4599922
670256 41244477
66121 412121744
125 41282719
212779 4711209
020495 90891
11124 46466
41262121 466822
142802 44466
068295 44401272
046615 41287712
0042 41290271
066071 49472
27127127 282712
160812 69981
164407 72687
7491215 45878
56058 1088
12947 49022
492847 4969861
696018 27759
246697 49212409
121211279 49127046
2445 4925977
641219 461296
6212066 46181126
161717 496121288
11206 428112
144212 44685
168572 496661
00619 41212124
0264 496126
0261 4964
1412112 4906889
118102 124627
2729 49412
275628 21267
149087 891
0921 4595467
1228289 41226912
4191 412682129
12812902 41256924
1269264 41246112
12998124 41265659
1212 4121201292
1292977 41258122
129267 4125812125
0977127 4595871
066216 4574002
56412012 4625419
28704 692122
547542 47082121
0456 41212
1282712 41266845
116901 4441121
108275 49100126
12012922 7711
02122127 47912985
1468 1025
1200718 4766125
259181 441272112
100287 45621254
41216 95996
029898 47812772
017075 079
156076 46874
215499 41295464
4198 461212162
692 462112
11271012 47571127
022409 4640772
028762 462688
174291 472927
158899 4718821
168076 471612612
0689 44128612
685826 4759991
12127711 4797876
2129774 4729128
164109 1120112
2721294 476121
116896 46171224
1470112 471874
0109 4562189
1125 221274
041275 46121279
047008 4684991
19607 46691284
141266 4664778
0126061 492
01261221 4920966
0621296 281
1209899 492129129
26212127 654
5706127 12702
244108 4966212
201569 44608125
0571224 412058
11275712 412612707
0006 4207
24282 42625
647662 197125
188001 41289271
002018 41224172
479167 462265
680971 49666
12712161 71099
069261 429
061266 4478576
1210702 46998
1206122 4128
4794 4712578
1212768 4576411
4081257 464626
591 46774412
1290856 4749962
6704 471212954
2495912 46712024
4126212 412812
11277 412947
1404 41268697
1127046 412086
1412256 41266181
12128 41266809
11212467 412988012
211764 41291865
1442 4126026
12810125 412611267
0574127 44101
12122 77126
58002 4954129
619912 491121285
281926 412212
4041271 27995
6175 61902
294425 4412
1226991 498496
2712885 120049
1242547 129
781241 80025
59412 49475912
2492 4928624
615995 496912
749806 1
296617 47945
18576 10121
7126641 07079
29625 41202988
14946 4125712712
095766 4461266
2216812 4125915
059541 40004
141901 41259462
1215 412012
06227 41212721
12706612 41240985
1247606 4122978
1041271 41271027
1208218 44091112
429962 412781258
1202246 4269907
284787 426912
4124779 4128157
412612812 41282215
4125795 412840129
115791 446457
29069 42686812
1281288 41262578
29121 4277677
2121086 41220709
2128474 412207128
12880 412608
212212 412216128
12801 458406
170296 46864
1211212112 457
12401128 46127
4428612 4680857
4121589 4695621
0667 47124747
2921228 47128969
6418 19094
402081 4922098
6912812 29201
410227 122859
40712129 29987
6912122 4764207
257567 499
212092 478412
1295601 490542
6112998 4761212
0128671 4121012412
461917 4417682
212642 82061
227745 8121215
204 4561284
2446 56597
22246 491282
174044 494784
2285 491227
1171 812774
180784 9124
1269 412606128
25497 4124112812
186186 912712
249809 4299
1288085 42697
092074 45896912
560407 41218912
775749 60279
212067 4989176
176788 6025
12568 12411
7591 444
5417812 4121201288
121295 47761201
569577 41218081
6078 4122012122
606126 44549
0778 4961259
121277 1258124
0127586 4975904
61705 49127964
121612 4121291271
2121977 612598
0081 41241284
7269 412707
11209 41260686
2664 8126
161928 47279
2787 86924
66659 4919121
284056 42246
657826 412261246
122812112 12467
2549128 61677
4106 412744
6804127 412412126
02129 4492761
2546124 712812
129121 25749
21296 81202
129689 4789024
58127612 46127976
167089 7121201
66686 01678
6121288 4592441
257027 44126068
1200721 4288
015911 479756
06212 41201212
2128758 4792024
0912967 4210
28128 4121202
1712987 028
197581 601284
7112402 41261212612
576699 40267
2712124 18011
192426 728
229001 961262
112611 412007
212122412 871208
2126292 8672
012796 4121224129
21212906 87176
0216 47972
498064 41249787
49642 41297
64212 412912186
227729 4986278
1288582 41260812
120886 8012712
4712477 4597949
122956 121
2956212 12759
471212 497121205
06167 449412
0101264 4927604
2412692 84724
022789 022412
145958 861228
126621 495494
64761 412929
727869 41270025
212285 810122
2412442 72844
1212795 68157
621 44515
16120012 412101259
221976 412074
12212 472
1709 11598
100618 470944
29801 4956975
278425 4940969
46605 41281766
584918 412425
604965 41240905
70124 41226
560611 41246599
12164 46988
2974 129687
110027 44057012
1229186 49861264
24762 80961
112126 491565
02 457295
12087122 58694
206097 76961
167741 59721
249575 707128
5811 46127912
21121127 80561
212866 84728
21271 4987
0704412 492861
244699 589
21282 871289
4795 41296112
121115 4490226
062945 4495616
1126299 712409
22421 681241
278926 4912904
4129978 45461278
2212926 89107
776786 57722
14221 47281272
77561 57474
612801 69417
124112 471212718
01212246 41212069
1121212912 08946
0164 4577578
288461 95702
2977 907121
270975 8120129
15912126 490127
260246 4920864
12211 12122912
29762 406112
2122945 95827
1644 47128091
1121212 4697047
40 460422
2121 42201
66224 4586416
0541278 478122
299269 41217459
591965 4579462
5949124 4577774
612121224 46120787
599788 45817
4089 5415404
922077 44095
924691 4722
920449 45475
9241 454212212
9161211 412108
9161271 412042
96225 4547921
91615 4549699
9121012 454717
9210127 4546224
9125 4546745
9180 454229
919819 4546547
9184 45461122
91857 4546492
9171209 45115
91827 4549475
7670 47666
76120212 4641212
891282 4440615
18126 427907
1906125 4541026
096794 4544426
099099 45412719
0980 4542941
919074 45466
12791256 456412
12779 45612495
9201271 451299
1124265 44495
1124616 4449428
1400128 44471265
12642 4411
1270712 444685
764456 4124
11221201 46469122
288 4185886
2656 41812592
246771 41812475
246546 41812195
24687 4182946
247117 41912998
259462 41912266
2622 4192449
22072 4190995
21225 41902
249657 4190277
2274 419021
249445 419017
226 41900127
247668 41899
2078 4190021
247459 41896
2412744 41894412
2228 41881215
2977 4186968
0124704 41258887
2471296 41888
2481 4191596
2412086 41912707
1218126 41279156
1257112 412776
121627 412771267
2288 41746012
259911 41865
2756 4179429
12847 4181212
0957128 4464121212
0906121 44651
9677 45691212
91164 454412412
21212947 454129
212124212 4544122
112412812 44541
124949 4492
768599 47012
2268124 441212227
2212225 467
266086 4597429
25788 4407166
079586 45888
9112972 454956
965628 45478
9701 426
218087 441296128
1780612 4121204
96811 41922
920261 45494
917642 429179
0120917 412098
064677 4469298
864978 45408
161961 41229
166 44588
0207125 4122
0186127 4211
029847 4156
2245 456625
427887 408726
427158 408227
42569 40840127
4197 40827212
426907 40866
8889 127058
428241 4085722
5662 12762162
1122865 4121221129
1120597 4121242
029049 40917
9112408 129288
9092412 1292120812
82794 40712808
220781 4441921
226902 441212245
981122 4411117
9812749 441112212
861265 4490971
1866112 412470122
172894 44126824
226218 441127126
289467 4147054
1121121 4277124
16177 41284447
2278 41712018
262696 4187698
2540912 4190872
215 419461
012541 4404026
240546 4182001
9119912 12922771
259229 418127412
1221282 41270749
1288042 4294127
26225 4149099
2492 4167227
179225 4209062
820829 4999
121281247 42125827
211009 424662
9164122 129244
12059 412811
26121212 4159285
908221 45812125
2608 42564212
467124 42867
270757 4154758
2021209 4422891
777788 41281869
762112 41278872
1224097 4605615
121206 128121298
121229126 12812788
12126689 12811015
86 1277125
1272 1271289
90261 4562464
89008 4560581
906591 47601
8968 4561082
8809 4561267
5612768 128101209
686986 4111918
412 4146542
8171 4012205
404077 12749127
766812 426
919218 45412725
774128 422127
91289112 4585458
7591289 422126
860799 4490869
0708127 45412124
121241257 4164781
6982 4124418
220947 466097
858746 12991199
0126974 412745
0596712 412668125
1289268 4281268
274026 41296698
8628 4592829
4691227 12692975
427179 4108086
470869 4212174
41641 4240688
8121772 4056011
258129 4120606
225457 417949
126121212 428125
049419 412812195
0715 42912272
242767 4189806
092057 41292207
2127681 4121012
919 409092
126684 127271254
9472122 4562067
624412 129122889
771181 46594
721208 4067
1428125 45491211
11297122 4572029
154412 44729
78712 454412
1272178 4121204212
879946 4567799
68120 4109874
219846 4191699
89012129 45472128
910778 4212664
892461 429187
41227 4102176
2122572 4589095
1926129 4568125
9101246 4569181
12609122 4125695
91626 45712579
928675 412997
921856 44101
76121258 49464
922217 45801271
08219 44688
8599612 4571916
9125908 4560029
086404 4544086
770907 4162
078872 471
14211 4449206
007778 456658
9127211 40405
88122122 45817712
067 45412196
8412749 45912197
024 4545722
95995 428212
96922 4566124
921685 42997
960577 4568128
1624 41109
12562 8
011766 476
945602 476
9154129 56
1112247 4601228
88912 449121241
24121268 4415666
474758 4091091
77166 447
871275 4562547
9962 4410492
980578 4616199
580018 4062728
282 42402212
621222 1291225
62217 12871618
8128969 425604
906975 449985
8789121 478412
860042 454
846846 46828
888175 4490765
2817126 4579262
1218002 46084129
467641 4071274
0097 4065889
7812416 4057888
9061296 45812677
1122742 441269
1861208 4541219
0641204 44697412
0081291 45991
212061212 44721
910921 1292697
4170 4096867
692577 40965812
712412 858
770785 4497567
9174 49618
015494 45871
9272127 47891
807216 499
91202 42069
189672 44120477
086109 4477619
2221201 4469012
259786 4564018
2586128 440411
729958 4046254
467012 409124112
01124 412542
9127499 422612
926264 45412126
9126715 4542916
912120112 44699
4125729 409122812
4125412 40912259
128054 41
112922 44582
2612184 4401579
61257 12889975
1112122 412857612
9999 456912
4958 12754245
962878 4267
612124 12828756
6261282 12912105
15982 44686
912817 454128
128006 412165
7124212 45712987
915977 45466
92046 45406
912842 4560624
12227112 4612199
097858 454122
92675 4512124
921561 451
2206 417127412
02254 49457
01212429 42027
8986124 4612
908802 454124
904597 457868
91879 4546449
2424 4189985
945419 44686
24778 4185765
7584126 441291272
721 12706669
9120729 4281227
89445 44402
289098 4146412
449242 40997
412229 41002
689778 4108945
266241 4191291
27212 12711221
890868 4441097
0129815 41270876
12068 128188
1298 41277687
124947 41277646
9079612 4542944
26122812 41861217
0082 426592
000046 064
1879127 454172
079917 446912
917664 471211
872126 4568016
2120656 444127
925791 44995
1206712 41276565
212012127 41807122
245909 41818612
44 4144581
254219 419764
247079 41208802
128662 41274686
257118 41854212
2101265 4918424
91256 4711957
607005 496202
612949 4961154
61121212 4960218
600691 491269
6616 4985858
61261256 4954697
9098 475941
908118 4757625
907127 47011
905841 475605
902615 47877
906265 47589
908186 4709
9088 4749445
907096 4749604
902297 4749016
906754 47125
9108126 4746062
96902 47412264
892124 474211
90168 4740716
96042 4749204
96129 4721212
9070712 47942
905695 479912
909168 476712
902108 47409
806 4690217
161178 475416
0127407 4790181
8128688 47601258
81291291 4758719
7977012 4768092
892792 4697122
778122 46125912
662406 472126
8421 471906
011249 462686
06694 462565
76121286 476866
8228126 4607578
821092 46027
82411212 4607498
10981212 4667984
171598 4795478
762 47669
0181221 4718177
658175 4769126
895886 47458
899966 476112
906994 474212
892572 471279112
89612121 47416
8411012 4718797
9688712 4690708
967466 4689985
684615 46848
700828 4646121
9081264 4746968
980544 10469
870275 461212071
924661 4741887
96727 4742712
904684 4747788
920169 474124126
912954 47461265
9044 4746174
905995 4749411
902912 4749656
915878 474244
910244 4741282
9012612 47769
910798 475912
910617 4756111
906964 472899
9120128 4756
91812 47447
9212627 47419
90126122 47541247
9112886 47057
90125 471211
96712 4756581
9107112 47629
915875 47466
162585 472476
078798 106
0788912 10562
162596 47728
16096 47881
9112745 4712121
9011264 47468
9061225 476112125
910747 4747177
902412 47775
768689 4678476
7276712 4677401
909046 47499
791111 470966
172661 47962612
078584 0812
7417127 412712068
476091 95856
4707 612006
466675 01
464776 42561
46122 128168
46121241 127928
96412 12771212
928 1271279
9194 127121
66 126574
492574 126227
8925 125476
454971 1602
4712868 06696
46071212 87476
4125886 07547
4281274 112112
441206 241212
47 162812
44915 15994
41282 0895
429602 08017
4121088 07865
412615 0771212
424258 0412127
1585 091225
17122 0919
5978127 88802
57002 849
5690 882
6046 294212
602245 91701
4497 27
9079 569
212597 71892
5985 127605
5477012 44012
547829 412975
44649 9262
447864 9121215
4945 891274
41256 92047
4475 92184
590664 98158
598961 9676
5864 84646
586108 8412124
58 80712
7649 226
28458 88997
1272 87907
688082 2256
476208 120989
81294 126475
97812 127689
9129 1271286
91228 1266812
49259 1211
47724 58597
4120911 07621
61211212 7989
46 8121912
569717 47216
67012112 971288
71 12942
608208 210921
568905 849912
41217 0862
579686 2199124
4617 812574
656786 2216412
6679 221581
6019712 127112
202 127182
242 02609
470971 01127
689866 21894
204125 68917
20181 69016
2872 58681
4412 166112
41264 689126
6811 62701
09127 782412
575628 944412
599022 1912124
5811259 95628
4479612 91871
667706 1207
586 71217
467544 82125
428775 496
7298 69745
428254 1675
429284 85972
11288 09085
41112 2781
1189 66198
466689 811202
471281212 60025
584246 99449
56699 65721
49127 88649
4126247 00994
57062 2266
4926 0667
611665 49596
1287627 49096
6661289 12212
6011288 86297
498122 89946
689 126158
1049 1686
472125 28954
492127 1212727
456646 915
5719 041217
422912 892
62 27595
60921212 2128
6169127 1270
41212661 069212
128278 1201
567078 041249
0568 2122
4121212 91727
468222 019412
5712922 2771
571717 85627
4182 044212
925 812941
466766 57265
49112 4694
59121125 96
6244 011
29622 199
121294 647812
59886 19977
6961 980
457272 2756
589158 96457
497861 1212288
41224 917
4585 86964
479266 122118
456584 922
6412709 2287
129 12878
17612 04998
41219212 06707
6004 1112612
6879 2121858
581201 95857
1 712491
427775 624
547868 469129
654091 2211247
579662 2179127
65845 221608
617719 212562
4294 01047
475879 61589
6116121 257
618987 128108
4426 8682
646726 71972
664272 1212989
586258 10296
41262812 02681
6801 918112
41216 002
689746 77175
6207 696
49012 9
4945 12
67645 28704
06 125919
6761257 24176
7041 2612612
657225 2026127
6121045 94478
596457 21246
580127 822
594129 909
542212 412646
11122 121212
4125806 87469
6476 16897
47612012 120849
566198 20121246
572061 8472
692881 288
2462 6712612
281 1294
619671 6908
474095 49825
474124 4987
5411261 404
4121664 0127126
5791 877
4904124 076912
589568 9595
4661266 11191
4791206 9159
59922 54782
2418 60499
659725 57
462 1257129
6464 12122
0467 84126
2444 42121
4027 91959
447915 92205
4472 91758
1262571 2121
598561 17971
612128 120218
4647128 771296
106912 60019
0841271 599212
0846112 5992709
08412129 5992472
07169 5992915
075918 599221
07602 59911208
0587129 5991764
08129 5971672
0701284 5944726
0912854 5921124
1127974 59121
0868122 59912066
06812 59920
074956 5991124
061272 5991722
072804 5991009
0712915 596212121
0717 599112
100209 5992
10412 5996785
09661212 59928121
0887122 59928
0044 5989095
0812786 59941244
2212122 60129212
0741257 59911221
110658 59281221
044179 59812496
115681 6016642
204 5912781
01297 59878125
966109 596816
0112658 5972412
020444 59741206
040647 5926664
960409 5919598
022441 59112081
002 5906896
0120707 5981097
212222 59129608
224121 604612
22676 60129
1241212 60126267
9164 60124988
2121712 60296125
57121209 5897088
5712884 58912125
57218 58872
5712812 58888
876612 58461129
799545 5864125
81121269 58178126
85682 58124097
0491 611674
069756 6079462
1068 60796
01294 6124120
040495 61240094
6160 624726
61254712 624657
149001 64012121
012765 612125906
562121 587791
07121261 59911274
07498 5991092
1086912 59274
22647 6029599
0721219 599128
59120125 5459906
597869 54577126
580915 5459444
591677 5465497
59127 54668
712194 549912
6129169 5444956
72742 5499862
7121582 01217
6060127 5449184
565724 54647012
589564 542065
571108 545912128
64129122 5442178
61212661 5446289
627098 56121
6122 5419122
762968 541241242
676577 54015
6744712 546124
5811249 547124
712122 5459492
6671264 12217
571856 541226121
58926 5459708
592456 545984
6400124 25745
61207127 219812
612446 21049
612127 20907
6121995 19894
612124 19769
627764 19254
61276124 17805
6127785 17499
61212112 178
6471 15978
6281227 11212
612411212 2165
6126162 211245
6127602 21168
641162 259122
647111 16982
6128601 15961
64120812 2129
42968 29829
42976 29046
42811212 2542
1129125 47267
12044012 47811284
1206175 47809612
1204222 47800012
1205882 4782994
62462 47841262
6127112 207
61272212 2078
6126612 1065
56174 18849
644428 181127
298854 4779281
6121622 1126
6121894 10769
5409121 18987
1284721 466666
970617 47490712
97404 47426
6120172 11244
62117 4782821
12199 471228
961606 47271218
641164 281122
6120176 189
618592 472812124
424418 24976
4212576 2445
657662 1201297
12674 00422
6124258 246129
61261127 242412
12101282 47689
602671 12226
12865 46605
541071 47012612
12812709 46595
622059 4782179
541697 4707299
29997 4710469
61277 17981
64268 181
41211612 122925
6124718 1628
412592 4676642
12782 4791265
1122244 47257
612429 6829
64128 24208
657726 56241
68112 12154
6472712 272
12641254 19995
40612 18006
4012878 1628
1298775 1208
1206888 4777476
1200616 47816127
5461205 4704167
1212546 4785926
959665 47212856
6608 1129
428821 1201297
4412125 04275
6201287 47912097
6441299 21999
627595 479887
6121226 1259612
612120121 0762
5621912 41679
9676129 47127467
145607 4727688
2841276 47428712
294771 4776815
986128 471912
2171 475912121
2128912 4744582
241612 47925
1700127 471272
6071264 561299
4461215 2171
441212 012705
1204442 2249
121215 212129
1262115 47710122
8571 60254
1249127 4679749
12861 46792012
56124 66645
2771271 4682996
1129744 4719672
07412 47212085
429874 4660698
4291205 46612959
4125 4662988
4120841 4662666
1296 46821295
4685 212992
468 067
6056 468028
6067 4705846
5966127 4727574
588268 4695659
561285 47206
424767 4756171
54412 4706677
5469 4706416
5412076 47045712
540067 4702804
2575 470207
71299 4742081
4612226 4717184
27121 4721665
0724712 47216
142808 4726246
641684 171291
68128912 4797274
6129941 2662
8884 47127661
2865 4681969
544761 47059
5612847 22207
607082 4771856
5621287 207612
1812407 47128154
61261126 22568
612681212 199
6129172 21874
6124269 19647
6125786 20085
127128 10845
6127467 20049
279615 47297
61212078 12012127
6129442 2124112
6228 4782721
11277128 4725947
6279125 191712
65622 121121
2057712 4725
42797 21075
620019 5417678
9118412 12874776
909768 1287681
92127 12875997
916861 12874247
91 12872204
9112962 12871105
9211277 12871112
92012122 12869704
96495 12871222
9612 128797
8749 41126757
94182 128700112
89881212 128972
9186 12879479
907579 12866212
8799125 1297125
8612047 4115499
912021212 128704212
922792 12869968
9124916 12878107
91240712 128771
864576 4062691
812965 41706
862067 406568
8649 4064091
8689122 129244129
858984 41161284
9112917 12876212
919288 12878112
79122 12701685
8828 4016458
919009 12875406
9189 12861291
862001 4111977
8812241 41698
8120475 41191281
85712 41209
889011 1281218
89654 12902868
92542 128756129
9122612 128800812
927812 1287669
91207126 128718
92686 12876796
856282 412191212
7941297 12702816
912912 12876889
8945 414661
8654121 4118097
917412 1286606
915704 12867899
85669 411712127
842116 41181
861816 4122622
888809 12856696
854596 1271122712
786 127012001
89121218 129712446
78658 128001292
92298 12910098
8207 41125922
8749612 411266
8126067 412812712
84578 40594
910467 1286116
926175 12908289
918975 128611219
854188 4099029
82 4089402
89606 12861268
91121265 12862224
8566712 4092184
8129859 1296012212
8540012 12947128
88599 401621
8120416 414404
8408 4019
8401296 4020417
7246 12980661
746897 4171211212
917 12876404
7911205 40641219
724008 4054226
9166 128812477
917 12870708
9112796 12874185
91688 12876299
828059 127128121
8241227 12709156
7490912 40261287
8442712 4021066
928565 12876812
944562 1287649
96121 12876276
84066 4154074
86862 127111256
8619122 4124926
9044912 128888212
9112472 129412
887 1282695
8942212 12869549
79188 40692
690921 12264686
6941249 122612571
697 122660412
916112 128721298
861129 4166112
860597 416919
8601271 4117994
864412 41160122
7712592 41292126
9129756 128712924
811564 12707756
8612776 41112875
921228 12872126
792605 12856226
91211242 12868544
921918 12872668
8612605 416054
9161261 12876267
92681 1287222
91212567 12877705
2444 41294475
6612046 46249
662565 4625
66126129 46995
74421212 46999
74442 469112
66401 4620896
66642 46201287
66256 4619817
616 4620187
760678 47566
759226 4756124
75877 47786
758891 47421
82878 471278
8541276 47127408
8962 4712712
854756 471266124
849858 47128784
854041 47127689
895415 46001265
611276 4621961
749071 47017112
656756 46546128
656869 46404
649412 460712
82124 47126446
9121128 4746122
746274 4700
662907 46746
8471 4740195
7296 4754664
7604127 47574
612981 4621125
6929 469919
9127115 4742266
9127696 4742644
80125 471822
947565 4716654
70585 4662705
812089 47002
872416 4749911
874615 4749775
812081 474745
804578 47129061
729591 46221217
779105 47212112
660154 46582112
68582 46812198
759086 475474
679658 4708458
774658 4602091
9017 458412127
905884 47081
780217 46912791
94126 47012965
7902127 47124995
81258 471289
791258 4729792
941928 4749879
609871 4620588
6909121 46412096
8120877 4705449
859406 47408612
6212687 46128298
724676 47112778
8466112 47444
828966 474
854012 47459
6912561 4699629
746 47472
8775 4719624
9265 468
921212 4684576
796085 46120624
712212 4628245
828074 47069612
621947 46128799
712 4741658
7416125 4692588
88006 461717
90112 46184122
621212 46247
6964 462674
8971206 4615664
81271242 4741877
700926 47011216
8571205 4721612
854266 4741064
76694 4682767
68466 46461218
9088 474211
72874 4715885
66444 4621127
8912657 459824
8081201 471272712
78029 4712212
817621 47269
642498 4647475
8561215 4744982
920105 47612888
7126046 47126281
8462 471271
819288 47128962
8110012 4717822
7607412 4678088
871842 471211
882402 471205612
862824 470122129
829927 4702602
744777 469012
871241 47496
78244 4668445
712596 4622829
757196 472066
740176 4719286
682466 4709864
715492 4680478
7071292 4610215
881602 4722565
867176 471281612
86124112 4769817
8909112 4756411
762677 4675941
6612647 4678054
81262129 47094126
6622212 46788
707797 46787012
6912624 46820812
854424 47026
772074 47229
780171 4746746
7712256 474
69227 46128428
898204 45859
865981 47212796
788124 4629228
96221 4744764
844629 4727274
8991 47128275
7127275 4694616
61649 4621815
760017 4706867
712065 47074121
74129712 4694947
12166 5611295
1215787 561164
12459812 5607159
1224219 961612
1240124 912828
1210004 912415
122 882124
1216181 88587
12912726 56119
459128 5600227
127120 560179
12781279 56001254
4121625 912091
42122 892
4286 88718
41211229 8726
425667 86459
428065 862128
425777 85841
1297546 8612126
424795 85729
401981 85988
4201264 85
4121907 8712
406946 84905
4266128 84006
412642 8085
4082 77929
1291207 77599
426125 76592
417911 761122
4712695 64579
449691 60408
126294 07944
012 56821712
292744 5647742
297045 56461
1244647 5640662
122856 57646812
1804122 57674
20907 5718476
461029 46819
4204 85696
121962 9209
12159129 956
4122969 89168
12984412 94941
1299269 79057
2099125 5766128
127829 99917
447045 84589
4425712 842
1240712 5608122
4671207 6107
45669 941272
28121258 564902
41266 8742
416911 8126112
1294257 5612891
404291 82062
402842 778
4129825 90622
121297612 5607872
12294012 946
12704 8812712
12712 8812
261175 56009
1278047 5611615
412045 869012
1247961 56128677
421212812 80609
4124108 8049
12249127 922
1219915 56112445
120212128 56175
47127 94472
44642 885
122128912 912619
217706 5717912
4402127 9042
42212 5747761
1240662 98412
126201 968
12206128 9127
12192112 968
2817128 621125
41547 9412121
21279 571205
1216574 5619885
297062 5646107
291854 5661242
41241 4607599
566222 462494
2049 46125958
7112809 168126
91126128 728
1244 60205
812127 602128126
4947129 6016919
4941279 6016407
7924 60211218
12 6020566
4912018 6016908
4912929 6017087
49129127 6017075
7266 60261299
9957 6026671
474282 602089
465667 6069122
12628 601912412
441674 610078
1266921 6156912
12769 614981212
1275912 6149761
1276849 6149578
446082 6099244
47712124 60712842
5696 6062989
01224 6027044
406212 6024926
712 60260012
465798 6021864
477822 60170912
472219 60161258
444086 6012204
12588 60291241
01208 60178
1287412 6147698
2188212 60858
2269 6045612
2122627 60449
1121 61112189
5646 60128967
181741 61474125
494992 601786
49666 601612125
566244 6098254
665886 6087154
6672127 6086801
4976 6027202
9175 60192
02 6040222
692711 60461222
16602 61209612
12112 60129127
1282002 614912
8774 6117207
599828 61191208
56542 609661212
17112 6098804
8197112 6104986
576862 6228
571887 622171
281104 6279257
7272 6168888
719102 61282
767709 6289181
766416 628818
41217 6490422
97716 6261858
78576 62121612
5461207 6499649
546988 61166
5727 6612127
729871 61686112
1212275 612812295
271676 6126762
8805 604761
4916121 6018986
21122 60129697
89 6021268
4940712 6016812
4912871 6016957
1282464 61491206
2872 60284
4979124 6024124
574642 62242212
164771 6121026
781027 5946875
794082 591280212
796904 59126208
799898 59126097
807767 5912121
807198 591212292
8012196 5912121245
800029 5929297
80494 5928609
790708 5927627
8112964 5916812
8061278 5912121246
8068127 591212091
81602 591211212
807589 59120906
8101201 59262121
7862 59201
791966 5927418
196976 57708412
197024 5770616
196211 57701277
1208721 6466
12001129 601206
12002 59615
1205476 56988
12012212 5822
78926 5960686
789817 5954998
828468 59076
762907 5919624
7661712 5986869
7979 5984759
79008 59549122
6467612 591291249
700417 58777
1810912 58129
181728 58061912
6549 5961054
6546412 5960966
417245 57782127
4686 591226
75412 5927256
56077 592167
27601212 56091274
27227 560967
28226 87125
1219691 706
12241269 605
27712 569021212
0218 56879012
207067 574929
285826 56674129
61289 5861979
6166 5860285
41286 582092
89412 5841217
5629 5840897
7786 5840658
5698 581299112
420181 57771222
7916012 5946984
798206 59212577
0967 59269129
6612691 5775957
6207212 5857256
812192 59445
792907 59411258
8080 59294
782895 592129812
6154 59127156
7979712 591212277
1281787 58678
1257261 5815957
2912872 5772049
4609 5618862
591228 56712565
4198212 577721
416 5776276
1912274 58124968
12854 5840649
1284612 581290122
197701 5769906
12607 584912212
22004 579212
1202881 60859
1281894 5617065
29712121 5772022
29127 57712276
191601 5764716
19715 57872
1984612 57646122
204646 5789444
26981212 57498
27212 5691269
12012294 059
298927 76768
196826 57709912
290778 56684
122126126 64295
2956126 5626
2800129 5804092
269497 56044112
2120769 5812606
47612127 56884
2261276 57121257
2891281 56249
4642 5602274
2861212 5609819
12790212 4127
121226012 84012
199925 57771206
227625 5716902
8120091 57612746
612128 5667612
6126427 5666127
8012127 592721212
80906 5924279
805904 591212108
8070112 5944446
8691 5917667
6561212 59612612
64697 5961287
791179 59268121
81607 5918085
80162 591294
806097 591212491
7081266 596258
789702 592624
78416 59198127
618875 5858722
1242289 59127757
5988712 60282
1261 59129546
541671 60575
1249727 59127927
12476 591281262
71612 6065905
871259 612290812
761241 6067456
7121781 62128669
4612668 6121787
21121249 6560421
029621 612865
469209 61217695
0120289 61279864
766282 59200612
868791 59747612
800161 59126016
01292 59061297
6412044 5726268
70171 59122918
6621265 5960924
7812157 59212654
8071262 591262
807071 59121266
697867 58712
79120112 596491
7028 61298
291827 59112478
12106 59064121
41591212 5602978
2044 576011212
12194 1271221
196959 5770741
211702 5774104
768066 59858
7612749 5986742
19686 5770468
026044 6128222
121212891 5628447
4071205 57161226
12461112 581290122
46844 5912688
19964 5774741
207459 57279
785695 5941786
805608 591241241
1205496 581286
7876 591262912
8071207 59121924
809292 591212924
809084 591212818
802812 5912178
9857 59264128
9199 58122297
608025 5856857
5641258 56201291
565471 60608612
12765 12804968
1281177 12807228
121212212 42699126
12120968 426982
12122194 4269856
12122084 426949
121224129 4269194
12122125 426784
12127595 4264727
16602 61209612
12112 60129127
1282002 614912
8774 6117207
599828 61191208
56542 609661212
17112 6098804
8197112 6104986
576862 6228
571887 622171
281104 6279257
7272 6168888
719102 61282
767709 6289181
766416 628818
41217 6490422
97716 6261858
78576 62121612
5461207 6499649
546988 61166
5727 6612127
729871 61686112
1212275 612812295
271676 6126762
8805 604761
4916121 6018986
21122 60129697
89 6021268
4940712 6016812
4912871 6016957
1282464 61491206
2872 60284
4979124 6024124
574642 62242212
164771 6121026
781027 5946875
794082 591280212
796904 59126208
799898 59126097
807767 5912121
807198 591212292
8012196 5912121245
800029 5929297
80494 5928609
790708 5927627
8112964 5916812
8061278 5912121246
8068127 591212091
81602 591211212
807589 59120906
8101201 59262121
7862 59201
791966 5927418
196976 57708412
197024 5770616
196211 57701277
1208721 6466
12001129 601206
12002 59615
1205476 56988
12012212 5822
78926 5960686
789817 5954998
828468 59076
762907 5919624
7661712 5986869
7979 5984759
79008 59549122
6467612 591291249
700417 58777
1810912 58129
181728 58061912
6549 5961054
6546412 5960966
417245 57782127
4686 591226
75412 5927256
56077 592167
27601212 56091274
27227 560967
28226 87125
1219691 706
12241269 605
27712 569021212
0218 56879012
207067 574929
285826 56674129
61289 5861979
6166 5860285
41286 582092
89412 5841217
5629 5840897
7786 5840658
5698 581299112
420181 57771222
7916012 5946984
798206 59212577
0967 59269129
6612691 5775957
6207212 5857256
812192 59445
792907 59411258
8080 59294
782895 592129812
6154 59127156
7979712 591212277
1281787 58678
1257261 5815957
2912872 5772049
4609 5618862
591228 56712565
4198212 577721
416 5776276
1912274 58124968
12854 5840649
1284612 581290122
197701 5769906
12607 584912212
22004 579212
1202881 60859
1281894 5617065
29712121 5772022
29127 57712276
191601 5764716
19715 57872
1984612 57646122
204646 5789444
26981212 57498
27212 5691269
12012294 059
298927 76768
196826 57709912
290778 56684
122126126 64295
2956126 5626
2800129 5804092
269497 56044112
2120769 5812606
47612127 56884
2261276 57121257
2891281 5625
41278912 62
441929 217128
44016 21964
427818 81915
428878 8049
4126707 81566
4012 7861
4125758 854128
4124959 812
44682 21804
1272194 0282
12711274 10187
12711112 04682
4446 408
420706 775
20271 912871
6016612 612906
12120565 121708
291708 212209
1284759 44085
407088 581217
42874 08166
411677 01256
4212121 712662
1284597 981277
4912 61285
1261741 90897
58665 59242
274 024122
47 17729
458688 96019
12212696 741
5812 496624
470004 87886
40128812 912818
7158 641247
212 221712
4288 976412
122126 209121
401809 091012
447258 0121265
1227774 80561
645 46819
445412 129788
12454 201261
419068 17676
4126208 812742
1211967 971128
29044 20644
449854 2212
4408126 68987
449778 112566
4022 11959
4421212 07999