952792 4250525
39522 5045396
400676 5083695
552909 5067204
549662 5069946
442933 5924396
446284 5926605
437893 5994255
449929 5929738
440994 5929964
427898 5089995
428878 508049
436707 5089566
450092 507869
435758 5085438
434959 508483
449482 5929804
372994 5905382
379374 5990987
379993 5904682
44494 5040848
420706 5048775
530279 5093879
609663 5063906
330565 5939708
299708 5923209
384759 5044085
407088 5058397
42874 5908966
499677 590356
423929 5073662
384597 5098377
495992 5994385
369749 5090897
586945 5059242
537484 5902432
485047 5997729
458688 5096099
323696 5074489
5892 4969424
470004 5087886
403883 5093898
557958 5064347
53953 5922973
504288 5097643
325536 5920939
409809 5909903
447258 5903365
327774 5080569
48645 5046899
44543 5039788
345954 5920369
499068 5997676
436208 5083742
399967 5097938
29044 5920644
449854 59223
440836 5068987
449778 5093566
450022 5099959
44233 5007999
44709 500683
435534 5004888
446075 5007833
444025 5090829
443206 5007547
458342 5090956
440495 5008759
430725 5006599
444986 5003373
444749 5004435
443726 5009064
443958 500339
449373 5009866
442989 5007989
343849 4974576
33763 4975349
334488 4972896
826387 4983973
660787 4999478
662783 4995783
66046 4997779
898604 4982753
428737 500534
429429 5005032
494309 5040839
499959 5042547
663399 4993503
287958 5022934
432279 5009299
459839 5005388
442454 5009443
829994 4983479
669085 4999944
669369 4998759
505999 5074227
454463 5000879
675979 4998496
449498 5094684
577089 5003697
449293 500398
458283 5090776
458707 5090629
4268 5090529
456979 5000399
429794 5003376
429399 5003306
499543 5093099
364079 5050496
260293 4967876
448328 4897443
468786 4939507
822385 4980006
594709 4937785
725092 4959499
505764 5076959
766649 4922659
757923 4920408
440292 5007997
583439 5029749
584892 509979
722959 4957336
559094 4939526
446943 4899278
404 5065984
398232 5068999
603256 4935377
508956 5092037
442495 5008594
442583 5008269
444537 5009829
449077 5006299
44395 5005962
440259 5007996
569808 5093996
337959 4974338
397897 5948979
340973 5975904
337758 5974448
344764 5979654
493383 5967759
302957 596554
34548 5963027
394373 5962099
379392 5959499
299674 5959589
299692 5958823
294489 5957429
327494 5956479
302388 5955608
349626 5959437
356703 5949609
320329 594992
327382 594638
323969 5949499
43089 5984628
330984 5259406
389965 5339906
349935 533297
356775 532844
394959 5396808
426745 5393366
299693 5304679
392926 5966556
407579 5979483
393765 5324809
394699 5962059
393022 5953539
398682 594566
399767 5967805
292238 5960275
300959 5957377
382007 5962893
30435 5295059
494539 532928
396824 5963508
357464 5953202
329992 595887
399368 5967997
497992 5978928
364248 5973749
406944 524063
302098 5969399
380893 5328224
462957 5330346
302974 5320362
308929 5399202
307659 5959754
397899 5947879
324379 5952393
384922 5965325
330564 5327394
399908 5962059
320596 5977649
337835 5953363
394994 594984
493306 5969403
259869 5575429
238463 5572289
257745 5570463
246254 5569999
257297 5568324
253389 5568002
257 5567674
260593 5565963
227748 5564237
25642 5567395
249355 5574205
254933 5569403
256698 5567533
207272 5563374
298583 5548036
970626 5579799
935362 5539969
97809 5525063
987629 547685
033869 5549044
03824 5539569
059993 550604
229445 5554564
000956 5745599
05089 5744669
994624 5706982
992975 5704896
988692 5700965
087389 5640588
024585 5620995
954529 5698425
020895 5695749
020697 5695408
869346 5695334
936497 5644849
848005 556243
845696 5550849
845203 5546597
85825 5648898
89842 5693504
823982 5609947
982534 5584675
953696 5579078
972602 5556936
003279 5645789
902966 5656396
992765 5549368
299629 5564252
243699 5566942
975948 579498
997794 5606865
202969 5596892
24403 5584098
005708 5642878
245986 5564596
239073 5562279
250772 5565054
24377 5579654
936942 5506753
888736 5495076
976745 555097
265693 5563964
258942 5602688
256997 5566289
849542 5547963
948938 5524609
080466 5530998
247686 5590328
869245 5636309
040587 5535278
020097 5697835
038628 5540098
969484 5678372
957965 5567485
096083 5692934
207452 5584333
042995 5538224
092278 569895
945896 5550382
228462 5565899
22624 5593498
958906 5574836
980695 5492399
66779 5086696
692695 5099692
677433 5079436
649992 5993975
643737 5999408
644993 5999469
643683 5996579
629986 5932786
656878 5932656
656445 593334
654056 5934799
649542 5937756
648258 5922365
639998 5925299
677697 592266
678805 5922803
682273 5929799
659329 5908788
669856 5922582
689348 5909429
684923 5909494
67534 5996349
675695 592069
797549 5079292
720697 5080006
707592 509024
700646 5097663
707262 5097947
699906 5092978
697493 5094029
687899 5093786
699668 5094997
70745 5074233
795296 5068597
796749 5067799
709754 507339
790293 5073599
72996 5094358
695447 5096908
695624 5093748
693956 5093679
69828 5903963
700336 5903892
740448 593492
747388 5935772
747053 5959435
749256 5952496
746989 595943
754862 5937063
660692 5953582
666466 5966263
662999 594509
662596 5965578
677588 5937052
677909 594324
674928 5956339
67395 5956285
708359 5997237
700355 5996978
704095 5920582
729252 5923552
799879 5926993
792897 5925944
794723 592592
794992 592553
789632 5968088
769905 5953877
783892 5965432
756932 5945494
709992 5964599
799775 5969353
698993 5957339
696889 5965789
792763 5959434
705552 5957753
69535 5075932
794905 5947459
735279 5944229
687797 5940029
797436 5939928
700805 5949749
697495 5948427
686565 5935059
702446 5943792
790909 5950639
796552 5953993
799009 5950934
707385 5952972
68645 5948389
695428 5979044
626452 598322
700937 5905593
692087 5077683
695249 5093884
792936 5098474
724973 5998999
720377 5079479
729838 5948996
670856 5949889
68459 5947493
728346 5929298
644309 5996692
874035 5979347
877938 5970443
809954 5085622
85645 5203487
853295 5202872
85728 5200994
848997 5998094
857909 5995032
762746 5995782
769842 5995985
763955 5996946
767964 5957023
705354 5099222
60842 5077666
766093 596976
690963 509572
648266 5080568
645955 5083355
607799 5083529
000662 5365374
995943 5362392
004499 5360808
00002 535942
004566 5358909
009 5358799
950028 5358236
997638 5357822
993763 5357688
992384 5356376
999055 5356048
004638 5355243
99994 5355052
996368 535497
095406 5354565
090422 5353977
022929 5352334
99999 5349926
020749 5349209
029557 5348632
020677 5348033
99823 5345992
99866 5345693
99899 5342944
029876 5333979
040255 5327492
040879 5324728
067359 5388099
06876 5386958
06876 5386958
068265 5386637
979324 536636
094404 5357029
002597 5354259
998427 5368502
746794 5347925
079449 5490002
037885 5205024
034093 5295323
052986 5296285
052643 5226364
859778 5356943
858942 5352533
858045 5354297
805909 5227222
807092 5226245
804489 5227593
805858 5220564
802427 5229089
989042 5952799
993459 5953658
089056 5242724
829336 5394266
896642 5396038
822984 5397956
825836 5399843
865395 5303957
862937 530487
888768 5306962
862807 5396856
862084 5398204
877999 5306376
880848 530759
880373 5307807
889924 5308943
873968 5393648
982945 5229593
977909 5226574
98675 5296099
979745 5239769
982667 5242662
973562 5249249
973343 5237565
973769 5237505
969902 5234907
976329 5234344
974029 5237656
949359 5477625
939654 5477337
943649 5478329
935606 5290979
870238 5386993
879485 5385959
998797 535553
807222 5352999
899467 5359993
997896 5408905
998689 5407974
008269 5262423
865222 5099049
869727 5093755
874244 5092327
866883 5090852
854945 5090093
860697 5090096
880082 5002926
843476 5000886
857882 4998379
879687 5004774
85348 5096369
82988 5004504
822036 5004899
825299 5006329
824392 5007952
823849 5008998
863998 4987287
865208 4987965
865429 4987905
827934 4999889
827037 4997939
869424 5029969
874247 5098974
899749 5093249
893039 5094975
825899 500099
863399 5095774
863395 5095708
757659 5038002
759247 5035795
699076 4923863
699552 4923376
944709 5939394
945973 5930802
844382 4948479
842993 4947565
822895 4996967
858509 5005984
846957 5055905
864646 4985205
664939 4975699
797459 4934327
793605 4926935
74588 5042975
867739 5058493
864529 5058062
868903 5057236
96832 5055395
776997 4944386
76898 49432
779999 4945378
662979 4973992
836969 496496
876879 5083979
886977 5093048
842958 4945969
848205 4959329
89949 4987254
609043 5076899
79999 5976599
757256 5909449
688026 5949246
654486 5943393
838369 5990786
843977 5988936
65435 5950992
808752 5956397
876496 5973099
950309 4893983
947966 4894599
967795 4899933
957662 4899323
950388 4808773
959353 4809778
956293 4894998
957899 489362
960062 4892833
958859 489694
956399 4896909
95662 4893897
959743 4893572
966273 480642
92493 4899403
899753 4870699
998229 4878283
997347 4877354
998939 4889606
955849 4893097
953922 4899703
944605 5099327
088966 4839675
089524 4836653
088753 4836599
867749 4940357
869259 4940893
849056 4946099
849902 4947338
84687 494905
855664 495935
854706 4959502
847258 4949798
847088 4947944
908095 4944963
900528 4959392
900429 4959693
90957 4945349
907739 4945002
099062 4947397
907499 4946987
994992 494627
999606 4948057
907679 4945499
993098 4979472
998727 4979786
99542 4979845
930867 4879273
943599 4877954
922596 4997835
922364 4992565
20899 4902095
206334 4900948
290993 4899358
29009 4909486
003698 4838725
870025 488924
929097 484956
784895 4799389
7844 4802939
786094 4803093
835974 4909447
837299 4899022
839448 4909005
84449 49004
839945 4899447
999699 4869295
092024 4988393
089874 4990009
292964 4785395
292545 4784664
823949 4876924
920038 4886699
794309 4847987
962348 4779269
948672 4765942
295965 4853649
293638 4856039
295695 4853904
957579 4994403
957926 4994988
09049 4836595
997696 4765929
922948 5000695
997999 4996529
846556 4806905
299825 4902648
032848 4773626
093452 4888353
345663 4857384
349863 4855708
382037 5283469
208968 5087766
963653 5293926
958986 5208023
432753 597493
392353 5252838
323343 5252743
333274 5250639
343649 5250085
330895 5250022
345834 5249923
342464 5248662
343277 5248243
337929 5246932
332698 5246232
34654 5243634
345695 5243068
338595 5255046
338703 5254929
336475 5256074
349339 5254837
337396 5255663
335599 5259759
346844 5254685
353992 5252566
35424 5254263
305673 5240059
329932 5253728
353052 5259008
339292 5249922
338954 5249083
347665 525936
94909 5362899
940825 5363449
249376 5079876
996809 5948538
998679 5947804
903599 5097679
099537 5900798
287383 5085704
237499 5934305
230987 593276
226374 5934777
237933 5934502
237933 5934502
208749 5497845
293469 5408845
332979 5245806
932592 5099097
939588 5096008
224304 598398
330663 524769
944729 538742
339364 5407272
962836 5292952
393572 5237995
306797 5239272
359999 5254805
439936 5977899
023493 5004443
023283 5003358
999547 486772
956089 4894096
908943 4944659
908908 494464
294537 4849805
948798 4802994
934439 4938955
859305 4796098
947359 4849539
969932 4893338
847374 4948475
878722 4796763
874307 5304732
969549 5374686
992576 5499863
679979 5065848
324534 5276496
324773 5275478
330798 5263599
309838 5230289
323864 5239487
359568 5260067
326906 5359879
327086 535849
325796 5355799
339424 5230874
250063 507064
205964 5223793
885699 599469
887804 5993277
659075 5932765
69629 506266
668955 5089667
685406 5947373
692094 599899
72093 5969672
705492 5998539
809654 5087553
689849 5923478
696857 5097932
702059 594682
866476 5293997
676964 5949589
6952 5943688
730979 5956949
78388 5099849
853324 5202332
992339 599322
825499 5029658
90055 4968744
868995 5043632
920686 5099799
97207 508695
009826 5999704
979096 50962
848009 5058478
097628 5900634
866395 5057967
85253 5092064
947235 4826254
239864 4862654
904754 5008935
0266 4742609
426329 5943859
266559 5989099
354458 5255349
939293 5360098
985462 5096993
285305 5275599
285498 5275267
245952 53957
297499 5934659
297563 5934645
998422 5937956
390649 5984997
379997 5099809
348969 5996502
90767 5988029
247602 593488
270866 5059699
396208 5249985
333975 5089566
895928 4933908
92497 5073376
857003 5005068
85706 5005083
848456 4983483
85722 4952738
859988 5093589
892927 5099646
879394 4785586
883879 4776953
885999 4775242
775056 4822705
936659 4867756
988922 5039966
944363 4825489
990059 4946948
968223 475458
956267 4829326
964593 4890089
087293 4999758
943408 5478626
929099 5399374
005783 5364896
009032 5355296
996646 5296485
878624 5390997
093926 5430292
887625 530899
732692 5249732
979693 599939
02428 5233899
949759 5242896
072992 5242396
06775 5384866
098629 5224084
760673 592399
778942 5926253
702444 5208878
697929 5966967
003896 4787938
906903 4929005
895934 47747
759272 475999
759643 4759546
856523 4993886
7852 4899239
699823 5946939
754545 5296386
746055 5954599
796042 5945526
890499 5957788
779333 5226029
767536 5938509
839789 5984286
790058 5956277
399996 5995339
337272 5250749
903728 5097293
392656 5252628
229937 5932023
662855 5983947
8394 5905259
804939 5976675
827742 5934938
803293 5994765
877983 5220569
856739 5299733
705722 5220329
802796 5095997
886585 5202899
759999 5209358
797937 5992895
834909 5967929
892902 5225058
862639 5232937
85399 5920909
909634 5972999
733699 5943888
739469 5929873
767269 5969822
669598 5983537
745998 5976674
769682 5959339
834096 5946769
79796 5995439
70928 5945989
858977 5966642
729078 5953947
744073 5938679
859555 5959897
775289 5945055
72806 5949469
743589 5227744
686402 5984924
87503 597973
733067 5963992
87553 5207663
763003 5969395
752726 5969633
766373 5998797
799734 5933739
746999 5936243
799939 5099202
634643 5952283
692909 5978993
644396 5989807
688295 5945893
76537 5990595
707797 5955974
722065 5954262
796636 5969642
872992 4854456
779699 4757583
979096 4864609
86958 4927442
820664 4799822
943043 4864449
957983 4880874
943898 4893293
993529 4895396
798675 5088497
629644 5905279
799368 5089865
683904 5929748
679408 5925227
702394 5928924
373935 590749
399857 5253338
244529 5084959
297844 5254033
986884 5269998
320426 5265263
337289 5439093
934806 5065783
364465 5254373
360277 5239698
328842 5258392
909689 534997
293792 5236497
987276 5088972
299222 5389504
094269 5980649
957688 5959069
979009 5055975
369694 5284957
979676 4828989
868953 4903899
885055 4826207
902594 4822975
852852 4803988
857373 4896933
949478 5939508
946424 5935384
957099 5083257
874632 5093929
654074 499699
828724 5009887
882243 5059803
829493 5048923
853598 5090947
867933 4996395
835289 4954647
759956 5099623
709586 492284
795726 494625
859729 4967235
975397 4838909
904883 4939996
997079 4879978
946337 5983762
998993 5969255
923362 529484
927846 5997668
044475 5999399
908826 5309939
054769 5298683
023839 5973263
830932 5490772
985475 4808322
942605 4790052
298723 4759299
020862 5004867
935907 4776587
995206 4785257
222235 4804887
097698 4827427
960223 4995787
08739 4780703
077057 4992879
938857 4877542
299948 5096784
942455 4876324
798544 5360309
82842 5279943
793992 5325236
849309 5289633
798767 5240422
054296 5247065
835498 5299073
78593 5309478
986084 5238069
063548 5492393
79079 5358935
997995 5380927
082973 5948877
445788 5999099
328725 5929545
098896 5909274
630827 5907609
737302 599983
693048 5092029
690733 5999587
795689 5927678
69935 5084524
692494 5096907
697666 5076298
657489 5054994
680582 5065206
624653 5082282
690267 5089205
700607 5096999
660754 5909578
705572 5063343
722702 5063082
930907 499432
920444 4808677
967864 4928959
758457 4802407
803704 486493
966825 4962247
028824 5393343
966299 5430939
957505 5453049
90762 5448657
959664 5392574
959333 5399862
994428 5465689
992032 5390047
909672 5499482
093898 5994699
929833 5265227
806738 5283976
093276 5439499
02402 5959729
939525 5399792
082538 5239098
997909 5444202
968786 5267424
997793 5390086
985408 5297249
059025 5230885
00267 5357094
027959 5348909
99435 5374322
878396 5268484
969292 5285997
996994 5306059
804087 5284534
836979 5260799
073426 5370022
248599 599943
259077 5068025
003368 4768958
982429 4769789
987683 4829584
004889 4994245
994729 4846547
976279 4949539
760435 4780709
969299 49903
098359 4895655
909806 4878497
957779 476649
007729 4882804
897994 4877679
854342 4949083
99998 4777594
33653 5499686
299295 5499379
203524 5490999
427909 5306506
982874 5349772
983998 5994487
997966 5284092
97533 5977499
943256 5228047
279945 5359836
35793 5245858
297374 4897963
096498 5025933
906446 4969979
900995 4982095
096789 4800909
265996 4822639
275099 4840026
990346 4924757
934942 4904265
909267 4947849
977868 5020239
022594 5033256
925964 5093643
904539 5093365
977296 499563
908686 4749257
003548 4833096
058394 4930327
076952 4879832
026234 4845347
096279 4902009
047096 4976903
044079 4849979
094649 4974099
096442 4958395
920292 4769098
028606 4759876
309027 5059956
272572 5925595
435599 5955883
46358 5293905
970773 5202974
078998 5985264
388376 5330486
327429 5245875
409996 5233366
400859 5952799
256902 4888979
260856 4888423
222928 4993666
048338 4885459
248938 4863837
977808 4863258
987946 4899234
29582 4967452
233463 4845383
007635 496645
920639 4936494
956322 4893745
289809 4878947
295997 4885999
928749 4959593
983094 4944366
052994 5003995
209575 4853932
940073 5025898
352659 4880784
972779 4997557
958389 4850893
097233 483574
926377 4970703
092496 5069932
029282 5099362
37359 5904398
233857 5959073
297965 5956983
297459 50907
068592 506438
756286 4949909
738039 4925555
843768 4939736
893877 4974702
732097 4932892
733822 4932959
676008 4928968
790987 5054532
666684 5022256
835793 4984732
672023 4935685
672442 4980469
742436 5043483
72373 5057939
786596 5079268
723746 5032799
809042 4990299
837949 4922699
678444 4928547
675439 4959279
802303 499798
803705 5037249
786338 4984295
785253 504496
733573 4969968
740732 4973906
928996 5025023
82766 5075032
973464 5049894
774956 5048328
75362 4998087
939739 5064254
953998 5929739
979824 5920497
898924 5043077
863948 4987937
878007 5906009
77056 4944637
758999 5034953
853799 505364
92748 5992929
702807 4928924
686338 4924482
750089 5044248
906899 4970756
268056 4867807
956407 4828354
209889 4930922
928842 4856492
097095 5027292
990347 4782859
994454 5034094
293526 4953295
044745 4857502
996593 4998827
996964 5279999
924702 5223409
05028 5382369
090899 535897
987958 5336333
992368 5349369
002049 5355299
079029 5242679
964639 5942895
972459 5244299
997262 5238743
847409 5350374
822267 5394332
090792 5260906
880644 5302926
829605 5289935
373599 5929454
007699 5098797
032999 4906773
960806 5005488
393665 4896498
954909 4806699
942529 4894302
050702 480459
900942 4939923
084909 4837645
064992 478998
088469 4834502
986533 4759402
08665 4806334
946695 4822593
294939 4939452
958537 5000946
926749 4828053
959297 4898929
206492 4784323
058374 4957749
296604 4784255
234528 4784408
975853 4768606
997539 4889688
968949 4788664
060424 477735
980994 4808426
84509 4955029
922666 4847487
938599 4887956
825499 4762983
792997 4755399
939592 4959996
895246 484796
968582 4869688
936376 4889455
843605 4846227
869645 4845799
877575 4899998
759272 4790895
926682 4905806
008282 4850045
975809 4859469
922096 4994543
863738 4950702
839499 4903386
952696 4880699
85545 4994797
923985 4884923
997387 4882995
37394 596358
990937 5946963
343504 5250924
359949 5259572
998599 5976444
998863 5998744
455328 5234702
344983 5246892
995258 5952296
940529 5365988
30887 5238242
209635 5945429
966405 5297948
308562 5253939
253307 5243398
304968 5432043
373956 5905002
237452 593393
240078 5939986
292054 5079539
286232 5080743
24985 5926599
242827 5928428
907702 5097629
075292 505944
293709 5049489
496897 5996892
373452 5904923
299097 5939962
247606 593796
958344 5092899
239638 50494
962032 5087726
05528 5092993
959385 5904232
903695 5900365
049959 5058989
369252 5908537
228492 5069993
842977 4998487
837029 5005893
975376 5068899
862468 4964399
662595 4944286
89999 4946799
863396 4988676
809972 5038996
845472 4947807
95323 5038729
789408 4985966
86489 5053786
893039 5032965
873428 5090707
886093 592802
889729 5099923
860898 4990948
967493 5054279
063393 5385279
998076 5407608
974095 5237567
993957 5955392
729527 5268369
053927 529582
035337 5343366
89962 5259783
896077 5305057
768725 5259408
093903 5439533
650859 5078908
695609 5094994
699946 5089942
62299 5077896
626934 5057836
72859 5077359
694238 5092859
67657 5927892
695344 5080483
763623 5088548
684576 5996558
709388 5902769
690902 5906539
668272 5998333
695204 59253
695352 5093648
695795 5094229
696968 509946
665273 509429
70209 5933226
230972 5982369
349552 5252247
356069 5236726
972092 5300372
278452 5299769
355808 5250725
203309 5950997
345402 5259525
930496 5945025
386783 5255629
949305 5297609
342993 5257402
350984 5245636
333887 5250395
338795 5252662
39998 5237625
362362 5250495
948488 5976747
349765 5250944
374307 5242797
352297 5249727
332489 525699
006876 4998968
866475 4954879
928324 4889655
853939 4932689
994937 4892239
82954 4882299
784297 4799738
865468 489049
76625 4769328
998433 4839964
868252 4939739
999657 4933754
096703 4869202
258509 4796605
959504 4826397
976328 4897656
266307 492023
209408 4848584
986999 4880998
339945 483947
280289 4896292
972795 475486
958575 4892949
958482 4899206
993394 5020332
893909 4999303
806569 5059889
782486 4992448
762409 5068958
845042 494809
752697 5056596
874568 5008458
793696 4998905
099057 5360884
887732 5476079
040993 5993094
090966 5439342
874797 528599
996297 5360273
720904 5339979
969495 5243023
708447 5244072
999293 5239045
882777 5299448
947573 5250378
949383 5233385
045255 592227
380423 5099477
423777 5942908
072976 5099984
09578 5085647
209983 500933
906944 4942797
994339 4942749
93792 4893997
946967 4896476
969357 4898849
068906 475679
944025 4928927
093669 4838339
90649 494489
960222 480564
960629 489873
95882 4899266
953959 4898432
953052 4898296
95399 480478
99023 4750207
249756 4829974
292334 4902739
262995 4785493
907088 4999394
99405 4976799
953507 4895234
099794 5000352
963549 4830626
349593 4857229
989737 4828388
872432 5970502
85997 5209025
737983 5949463
745829 5959663
749478 5950356
757284 5950532
857589 5940637
693524 5959939
798095 5960896
890245 522784
696499 5956636
773499 5294797
696377 5975439
994744 4883782
996992 4880975
789232 4857709
925465 4876333
997743 4877569
958796 4977998
884885 4990847
726939 5038936
842937 4933849
690576 4998055
759572 4929404
735049 4924838
870308 5003976
898528 4955372
900776 5948849
206357 5493292
278942 5295989
22592 5966705
984299 5225877
960956 5295928
289988 5079526
903098 4870355
099537 4957347
608773 5077534
93465 4800262
689649 4949065
292429 5083488
999593 5355208
006883 5357263
76556 476065
099668 482853
759963 5039745
702926 5079454
678396 5929885
948796 4920379
343273 5235827
987694 5358833
722437 5947908
869894 5004885
858097 5022388
793989 5073464
828095 5067394
022297 542866
29875 5960835
982865 5447275
663864 5929742
683255 5099472
999674 5947903
727489 5068499
906933 4839079
688753 5943053
962666 5226695
976626 4879096
336628 5247589
442744 5997998
336976 5252589
687845 5996299
979909 5240593
984623 5347289
876049 487086
897933 4999397
889253 5308995
685905 5099995
33063 5250665
958299 4893359
340888 5252299
958427 4895696
738208 5308359
665698 4977938
240767 5099929
206663 5090799
86839 5093295
866427 5090769
099409 5433282
972409 5358382
093634 5432249
363276 5903879
877707 5323927
679204 5929982
659976 5926993
270899 5926925
699653 5078985
790964 5073755
346974 5247997
209797 4909089
946689 4874708
993598 5355955
907939 4859366
867568 5099404
867998 5099492
868639 5099494
969055 5347087
728524 5983734
969567 5346995
399299 5095669
889333 4924292
709798 5073605
940604 5390386
834308 5965095
789974 5968929
354667 524397
309223 5408789
983686 5989848
324273 5243339
942098 5902968
747568 5323496
928382 4809422
809292 5090837
880328 5305326
022074 5366386
823472 5002362
938792 5290287
998965 5405964
992793 5347077
059889 5228024
995297 4767558
886899 4882469
870979 5309205
794776 4848439
006805 5357238
990475 5360767
78697 4833779
000455 5355369
789948 4798477
956589 4774847
089688 4828993
024734 49972
39992 4863069
709879 509493
075808 4899793
680903 509589
876932 5080709
375229 5404768
99649 4840052
668772 5920079
822289 488655
709383 5945697
884397 5304597
990449 5369789
349487 5252034
868523 5090007
683089 5952305
349658 5408039
946788 5920237
297735 5396997
090322 5954559
097564 5954446
099595 5953946
094929 5953744
090856 595335
092223 5953079
09234 5953028
009493 5952999
005942 59527
095793 5952935
099085 595989
008855 5959728
09663 5959732
093068 5959649
094257 5959677
093882 5959569
097483 5959605
094994 5959427
095927 5959338
008789 5959996
093365 5959904
093997 5959047
093639 5950988
092707 5950622
099299 5950993
096595 5949836
094399 5949584
094627 5949472
099347 5949247
020053 5948289
027028 5950697
049992 5950699
062997 5950779
0224 5949306
022624 5949289
029889 5948597
048004 5948207
039677 5947579
036309 5946865
040986 594479
099949 595977
093765 5952423
09076 5959424
03539 5957267
029225 5962937
09296 5963288
090876 5969799
006955 595938
090649 5959285
025553 5959905
093577 5956607
097832 5955652
099268 5955287
026953 5955963
094096 5954926
007865 5953728
005369 5953385
004592 5953954
008089 5958854
098394 5957378
008496 5957382
029595 5956295
007676 5955969
020963 5965469
04234 5957332
038353 5959229
035593 5950949
009309 5963535
009909 5958358
005969 595947
092799 5959967
092428 5950997
009392 5957022
009966 5947303
006906 5947062
093689 5947933
093597 5946282
099548 5946977
09875 5946235
029569 5946357
003493 5945289
095249 5944378
090998 5942634
000469 5942298
030566 5949952
025607 5940935
030622 5939233
004424 5937573
090258 5937337
099385 5936505
009465 5940567
090482 5946293
006559 594997
004397 5949009
009049 5948943
092799 5937663
096399 5940693
037636 594367
008909 59505
04996 5938693
096642 5942675
007558 5954725
009947 5945996
000989 5954098
029402 5955569
003599 5937682
009679 5948999
092588 5938903
099645 5939842
009896 5937493
009596 5940393
020455 5942074
099335 594569
096769 5946283
008263 5965295
006489 5969259
095575 5952954
030255 5946263
029499 5955323
097672 5969554
039497 5934969
048892 595532
028597 5948994
027976 594485
02942 594449
099299 5969678
038549 596923
039698 5967795
039897 5965729
039429 5965423
029994 596998
074456 5933838
055664 5939932
009359 5992897
09884 5992048
098769 5999403
037934 5089069
06749 5078307
009377 5096937
025704 5084928
094957 5082438
094689 5082205
028395 5076865
035992 5944358
938999 5938667
054875 5938667
027235 5999274
928938 599549
075844 5944223
059759 5938396
942098 593339
908229 5927759
997877 5907899
939044 5992707
0335 5959327
087342 5994996
084094 5928295
999845 5926596
908696 5926244
939389 5906287
945698 509984
942877 5099869
998739 5083452
907973 5089486
908784 5080265
907099 5083879
992075 5079499
003394 5968744
047437 597327
042447 5958405
045897 5956908
046056 5956887
03856 5950544
09429 5958959
08337 598237
089084 5989799
999595 5976269
047234 5975954
045695 5974784
053096 5974939
04799 5973852
075075 5962996
077743 5969965
072095 5952272
075299 5949686
932456 5940339
074647 520426
0458 5990673
04949 5987835
069064 5203523
963737 5969435
06994 5964364
073497 5955957
060876 5955286
079285 5953889
079377 5953652
999874 5985944
9953 5978856
027967 5965899
06085 5948353
059989 5950398
076538 5940369
929529 5069895
046698 5293529
044596 5293353
027905 5995379
020576 5980967
009269 597539
052293 5927659
093529 5223639
089493 5223898
08973 522389
002793 5954664
094242 5940959
990855 5925987
949299 5090504
056028 5932025
096796 5924024
090899 5978994
074895 5930883
934458 5207986
048455 5290838
0265 5083306
058089 5986656
099289 5929882
004498 5979953
050592 5956479
004949 5967999
054025 5322743
033897 539935
034849 5399274
063526 529049
942999 5323523
926332 5392694
937569 5308807
939756 5305599
930896 529738
946287 5294387
950528 5292927
947696 5292089
943453 5299762
947902 5289648
088962 5276466
028499 525883
990384 525883
029467 5257736
024306 5257286
070993 5248773
079089 5249448
072249 5237822
99336 5263604
993406 5263333
075052 5204508
998893 5260298
097593 5290448
079267 5224609
993258 5205673
069325 5230929
093472 527728
099898 5220593
27536 5270852
222948 5299384
273262 5204304
249925 5269939
245977 5268079
244382 5267626
987229 5299034
966539 5279483
982692 5268378
2233 5299248
999674 5394489
999034 5300984
997526 5297956
995332 52954
994907 5295253
996982 5294489
993006 5293835
924364 5290396
959283 5240999
943909 5243052
959059 5240952
944994 5239827
983285 5248073
978928 5247894
989067 5244945
977864 5249337
969438 5263299
978992 5259084
98298 5256242
982859 5253308
980396 5252094
990278 5259883
989575 5249697
994942 5248856
989493 5248046
998403 5246642
989286 524349
996998 5249642
999654 5240909
99046 5247946
989894 5247875
989745 5248064
996089 526067
204003 5258546
2936 5257792
208993 5256373
998822 5253077
999924 5259794
204876 5267893
209059 5254244
299493 5252649
947797 5252225
209798 5250278
295258 5250063
204585 5244832
953599 5229236
992998 5228278
223856 5303589
297389 5302599
222678 5309058
292378 5289558
299727 5280664
202599 5268968
229627 5307929
925949 5238793
970609 5299279
955508 5277463
937526 5273208
95452 5267726
039509 5275536
94904 5279246
929287 5262734
973292 5260762
979206 5259704
975909 524746
926082 5265277
009787 5357498
00477 535689
999635 5073843
986276 5072627
987685 5072083
244242 5079479
245385 5069902
235976 5937893
975256 5957095
977866 5956852
978445 5956084
982746 5956027
979358 5906967
987304 5089207
998358 5079609
995474 5970755
209772 5999473
207625 5990997
229623 5986292
226905 598382
222044 5974583
494606 503793
508735 5096229
224667 5986584
404545 590753
40856 5906506
346557 5099925
337696 5063053
346496 592034
299864 5993239
25724 5903089
258786 5945882
25958 594424
260026 5944002
297894 5934759
260632 5952535
989474 529932
064949 5359946
069508 5356445
920632 5277993
906706 5296992
948869 5242993
999332 5256787
072837 5239889
926209 523723
209949 5259587
986767 5254263
999625 5239598
980994 5245974
998209 52598
494074 5037939
229036 5980598
275434 5992579
260092 5952979
390908 5909437
989003 5248742
034697 5394459
094059 535495
956682 5470498
935958 5459909
928058 5457692
92372 5457452
955364 545276
967472 5466439
929426 546832
929059 5467989
920553 5457553
954923 5399372
098928 5408973
03437 5378993
990805 5399054
904493 5398908
908062 5354599
993669 5352999
209384 5348842
264277 5345078
262709 5349559
259446 5340068
259323 5338862
299805 5337848
274048 5336986
288976 5326357
288039 532659
292596 5325984
2886 5399939
24427 5309767
97627 536609
9782 5364695
932076 5344399
940898 5339984
946789 5338266
946235 5337347
269965 5369733
262865 5365546
229694 5359385
243049 5357986
243552 5357979
263036 5354895
299998 5354788
20998 5354555
229202 5354397
264976 5354039
299379 5354998
259669 5352086
252595 5350299
259896 5349643
243963 5359609
95809 5506486
962557 5503547
96665 5509292
943242 5499873
957582 5497734
969495 5497956
958759 5496959
967559 5495897
966269 5495748
969938 5492407
94337 5499868
938969 5499568
93828 5490749
950993 5490658
942265 548894
936257 5487979
232408 5359373
297749 5350376
225906 5350985
227762 5348548
224256 5347695
229834 5346704
222988 5346272
222009 5344002
298353 5343587
296023 5342099
296059 5340765
229067 5340056
225996 5338055
223355 5332605
29695 5363279
28877 53566
294936 5348935
299578 5345607
29724 534364
286985 5342976
304365 5349955
294496 534922
292339 5340976
297999 534063
297875 5340532
298204 5339775
290098 532794
990405 538748
970476 538697
960678 5383863
973427 5382506
970869 5380063
954997 5379898
975943 537983
978468 5379773
962996 5379504
975472 5379446
952763 5378979
956897 5377776
974797 5376908
964955 5374408
96086 537358
986023 5372349
283965 5406304
305559 5389997
309999 5380922
305583 537984
22408 5378996
274924 5376203
270056 537596
270533 5375749
244602 5375426
248386 5374846
267894 5374789
293799 5374592
294795 5492592
274727 5432949
959444 550845
949499 5340538
932939 536972
272473 5336572
957297 5375894
935204 5334289
288563 5348367
297926 5333929
265497 5359998
258585 533852
273605 5345224
390094 5337974
927805 5455823
295599 5338936
225944 5342063
953894 5502083
034089 5374495
305425 5389464
940945 5349326
944662 5500843
949946 5340979
967279 5495838
967299 5495822
938902 5350802
935532 5334437
235869 5346283
9432 5379294
277966 5355022
322526 5499358
279993 5404992
303336 5377932
929949 5452295
930678 5462827
957973 5480892
93329 5475949
235529 5339979
275779 5466235
040027 5428956
258995 5346929
049799 5423752
309202 5399885
234992 5346859
037386 5372779
035086 5379296
907625 53923
944244 5399958
209599 5578424
90303 5088064
034597 5946874
098499 5085975
060949 59576
009096 5950689
029857 5299329
092543 594457
069638 5952029
024733 5943946
022569 5937308
038936 5954999
948093 5920963
929943 5969932
953509 509543
070286 5956692
047762 5938023
033407 5957978
054292 5084303
09804 5947847
034907 5954279
009803 5944476
099897 5989509
098035 5942397
068099 5973658
027888 5943909
089959 5988969
002989 5965699
058949 508553
094309 5969068
99795 5085257
027909 5979645
099933 5992365
036636 5944242
059099 5988789
087608 5993493
040558 5959638
047552 5954445
090956 5959678
02026 5990244
008966 595972
929969 5967002
994594 5079064
953063 5490989
323792 5499428
979329 5496542
990222 5359475
999253 5350622
299059 5345942
229349 5359357
234454 5346797
232938 5355808
295386 535399
253554 5358246
22965 5359596
954477 5380052
268598 5379243
967649 5370946
949609 5382999
950322 5367756
947887 5380556
22506 5378652
238989 5375694
97794 538352
958304 5380599
93359 5370896
229877 5396843
270036 5332892
296505 5360989
972397 5437574
224696 5346987
292936 5342368
998693 5390657
969243 5497545
949622 550906
96839 5499536
292428 5347898
280902 5342588
303038 5338908
295049 5348269
309589 5338563
299846 5327292
287939 533505
29297 536949
297993 5385909
239526 5383955
94948 5348897
994747 5350689
92559 5342333
946569 5494656
956555 5503792
49003 503657
997789 5259769
995038 5205268
098732 5269269
948447 5302206
255989 5944704
929943 5328368
993492 5299899
276926 5948257
202996 5253923
998529 5265986
056956 5329296
0989 5235996
993709 5292385
207276 5259547
983547 5265252
29563 5933885
294942 5944899
999399 5208488
49425 5037825
590294 5026472
999905 5073496
993889 5207796
209337 5269909
942287 5322996
929943 5269097
980686 5959894
003086 529757
249989 5944829
069994 5397729
296626 5300857
354852 5048336
358834 504297
408994 5039254
272034 527497
970499 5262779
998383 525859
275477 5268804
906834 5264742
909223 5268468
923569 5393952
994764 5295449
947699 5249757
353532 5070998
920579 5275885
050983 5324955
07233 5265298
279355 5205792
98497 5072609
984277 5075208
985384 5370283
227637 5357778
236807 5394459
296247 5345697
90845 5396053
949408 5368235
96758 5380337
09939 5370595
973407 5377979
954259 5379693
954876 5379542
232949 5348969
922626 5457572
273083 5344992
289985 5399949
299467 5348493
247794 5379398
983885 5484933
224565 5348204
988644 5372452
300695 5364638
039423 5375339
949083 5334609
943749 5354467
293943 5343925
249303 5372922
247594 5359609
299697 5345848
906572 53773
935694 5343976
20245 5345353
083207 5988449
949242 5977858
094958 5945703
906449 5935956
030323 5078668
098997 5945048
099254 5999389
095606 5995838
083637 522434
099845 5936767
044396 5948945
070603 5935927
023793 5976346
098532 595778
089643 5992799
025769 5949257
093334 5095497
095674 594567
034396 5974405
009539 5952994
009793 5937487
097352 594567
093577 5082979
929355 5975285
925796 5975244
00549 5954759
005229 5945078
059523 5940022
093639 5953969
099878 5955824
905446 5089706
083499 5225545
042638 5948075
055007 5088735
096297 599554
097678 5996905
006957 5959874
026896 5933959
988889 5239209
969997 528268
955665 5240338
479377 5033404
527599 5022592
292932 5260965
009493 5354649
008653 5356523
06948 5358842
042343 5309203
233249 5929697
927276 5266829
944749 5275085
990333 5246799
954692 5247496
937285 5253999
299848 5228954
290969 5936979
29989 5229295
054552 5235333
2259 5238793
539679 5099744
95299 5249304
299249 5248445
292663 5258429
025996 5233969
032099 5253985
224589 5237082
304858 5380789
224425 5348703
356588 5464993
358346 5454466
243904 530993
952249 5367899
259464 5399765
240966 5352478
226579 5347529
2479 535908
298694 5340534
295879 5349299
956429 5458567
928394 533952
956664 5429864
259493 5326944
006093 5950938
064893 5990979
099949 5950394
020202 5209432
009727 5909874
059859 5975479
934965 5934847
900387 5292782
028088 5952575
294994 5205766
979392 5238299
338426 5086395
99572 5250946
000909 5226923
987389 5247297
079022 5309989
353909 5046754
506983 5040236
202939 5249208
920797 5357558
072264 524047
946307 5497902
223995 5348295
094993 5259092
020504 5937494
096296 5986798
902676 5320006
063797 5952096
252945 5349499
253828 5943047
264573 509359
077687 5203899
076756 5933424
099084 5945579
093405 59423
200093 5259629
220776 5299485
299287 5302899
208774 5297909
034445 596455
932836 5995664
022069 595045
956953 5598658
954259 5593059
950992 5459885
040902 5274007
24339 5272483
05594 532272
025793 5253969
099967 5989769
093379 5974206
009449 597694
245799 5069605
559095 5092949
079907 5228493
093663 5959586
09997 5950089
098754 5959263
057688 593806
359307 5052358
050249 5084494
250559 5335995
096269 5949003
057795 5992555
249546 5954098
094495 5959498
0975 5959596
094094 594968
926868 5265408
099753 5950899
075726 5084279
06809 5249498
046533 5958299
906994 5944983
296095 5345992
353248 5072272
293789 535579
285629 5339926
999805 5393605
007969 5952292
07556 5204434
092225 5279839
092063 5325576
258894 5949678
936944 5340979
920066 5203009
026095 5956343
906627 546946
992996 526633
962965 5369039
987096 5249364
096988 5929229
056786 5923723
035664 5966987
209252 5394989
029033 5960993
238973 5938036
938073 5093929
232799 5372449
99938 5962954
952695 5492095
94978 5299757
029757 5263773
038394 5377092
974059 5247857
026548 5933385
939289 509236
258868 5945797
92939 5262572
947424 5356005
034076 509996
047853 5973723
053504 5952694
028585 5948674
099783 5936968
030235 5959386
090972 5937649
090962 5937639
059909 5943499
033896 5958955
209394 5245832
299352 5248927
299565 524788
095989 5900826
940849 5090367
026352 5993485
977845 5379624
995689 5225889
290982 5399799
057563 5923629
939307 5456494
2943 5938223
046597 5265889
22906 5930384
296272 5348449
996885 5266558
255875 595063
283897 5349038
309299 5365285
286599 5335842
045496 5376248
975978 50738
920602 5468993
07869 5083997
994366 533097
933266 5206998
200796 526937
020896 5408243
230099 5293059
09425 5264966
096337 5229245
492702 5049389
097968 5945405
994959 5230678
090459 5089236
005964 5079609
937999 5489463
954579 5228992
3067 5902442
94886 5099739
097489 5960407
267822 5377249
00526 5949488
030299 5949039
29355 5489523
963082 52803
02808 5956976
252458 5354758
295738 5369829
97256 5244703
995549 5205773
025099 5257655
027409 5948777
094543 5956559
090428 5956544
000922 5968628
090705 5989686
048072 5959927
029688 5953379
009794 5957692
02227 5957547
006879 594839
097867 5957699
022032 5958923
227372 5343646
090528 5950678
079088 520049
020852 5989934
939879 5938594
002939 5948963
059229 5950866
996656 5909527
028696 5995705
073326 5934448
052466 5927239
939682 5935786
049394 5939496
990552 5929277
05933 5943557
047887 5954575
087472 5930842
00588 5965959
935436 5096633
076575 59249
906893 5079646
297364 4940389
295356 4940944
295674 4939604
2972 4938649
220407 4939297
208694 4933383
999835 4995874
09264 3853732
368999 4046846
36689 4044825
364058 4043679
36739 4043407
370504 4049643
369393 404095
368559 4048029
370963 4049788
370702 4042097
374433 4038803
370883 4047852
369834 4045669
363785 404626
03756 3947509
037576 3946725
039909 3947909
035823 3945226
999743 4994934
92537 4999487
920509 4993946
299999 4944959
289976 4996052
090769 3853333
097238 387879
292582 4005477
225343 499423
367494 4046249
370989 4049966
366304 4038989
246345 3683895
399499 3898472
402926 3985929
387346 4045555
253299 3950749
273424 3963949
006702 3997835
006379 3997906
967974 4933232
973699 4923949
034588 3945724
48797 3652992
69582 3726579
369497 4054253
365975 4052592
449063 3664422
388446 4052324
389795 4035689
596037 3738746
400998 406363
409794 4063706
566328 4353984
564996 4095908
580294 4339203
555598 4258699
557607 4259239
370499 4239822
369422 4235962
279423 4299023
300852 4328869
465974 4066838
355009 4035499
379899 406052
244477 3684094
386663 4046558
386858 4045325
379899 40395
443997 3679387
375557 4024073
369692 402708
3693 4036296
452982 3659429
459739 3659922
449952 3662499
0629 4960659
299078 4940443
297987 4943529
058406 3882885
287632 4322868
476022 4964245
38609 4345639
853303 4289966
852869 4288298
569392 4353684
876745 4259824
088938 4967989
086753 4964069
088992 4965989
088939 4967776
949996 3890573
943458 3899086
009559 3883997
043049 3996299
07775 384889
906676 4906637
284245 4970049
28449 4969735
277473 4967894
397969 4062933
636027 3890534
639563 3946843
694494 3642988
20268 4954523
203549 4956465
204433 49542
270493 4963359
209899 4955333
599504 3739272
59952 373894
600993 3737779
600998 3739905
593949 3740662
622998 3659388
629992 3669699
635943 3676726
367867 405079
698989 3886675
699659 3888227
462952 365375
579764 4349252
202328 432767
403809 3803804
463424 365405
306675 4989755
056302 3899792
222674 4945542
225039 4944707
993985 4907457
994769 4946449
296088 4225998
998242 4332282
346669 4045867
347976 4047597
603086 3737438
543292 3699008
443908 3679227
443335 3673389
60798 3738002
37438 4039627
373467 4033877
372034 4032734
374528 4029649
593685 364283
300335 4329967
38376 4342563
045925 3838277
04698 3836687
048245 3834373
050769 383747
052257 3834322
206894 4935687
207798 4935399
097494 3853854
627679 3650608
596628 367495
966284 4289084
369036 4024593
409946 4063738
385946 4034862
385387 403323
564962 4097825
566473 4096455
385379 4344536
99865 4928254
200932 4929503
293675 4950809
2937 4950769
298883 4950869
209902 4939645
839948 4337029
068902 3799292
3604 4037533
380325 4046333
544889 3693395
379267 4042526
376454 377808
377553 4035843
269987 3677462
259764 3689002
370394 4044728
602976 3739909
605794 3735992
476644 3787794
479947 3788963
478543 378976
470793 4966888
474673 4963672
585039 4336347
265062 3959523
274933 3959967
275944 395064
248095 3959787
269987 3955959
262022 3955969
265694 3957274
264704 3957924
048704 3946997
048704 3946997
624896 2846682
625679 2846289
625929 2846946
365686 2892045
679868 2805098
538798 2800999
673076 2806339
379904 4029364
333003 4050396
336669 4050276
336444 4048234
049445 3946427
044249 3953943
037736 3942086
037708 3942029
037853 3942092
038256 3949948
273049 3954758
309584 4334095
299967 4334962
586969 4354833
872046 4223987
963935 4278699
983574 4332207
993995 3799856
007885 3857598
295533 494946
534895 3695633
536226 3697349
539268 3588889
490766 3868825
489945 3996342
574685 4959577
36465 3809032
096029 3900955
045694 3944094
025948 3967206
290898 3979099
098703 3760207
900654 3769296
542746 2894254
544335 2890082
544692 2892822
542734 2899099
549796 2890783
570696 2779394
660234 4255264
660703 4254895
593229 4355243
030407 3955336
669373 2805069
630642 2846068
67353 2805962
672893 2808898
368866 3673624
352847 3674306
544057 2784223
544039 2784248
607783 4003545
593344 3740576
369526 4044949
372093 4042993
499485 3647937
487398 3652938
358774 4044828
388209 4040929
699449 3669692
694992 366737
472798 3648879
36594 4049942
265499 4969988
959209 4999974
052999 3957998
096997 3897994
04659 3879248
262499 3957989
24308 4955384
049049 3837096
047255 3835342
072098 3826299
066925 3827276
842523 4337289
403286 4334349
47879 3785925
987848 3900659
986773 3898458
00228 3998304
392074 4056999
09989 4965052
67354 2808357
877393 4229069
397726 3986306
879833 4223523
872327 4222082
333249 405058
222948 4942683
002002 388987
446776 3679274
674095 289254
246498 424537
396558 4062278
052049 3899699
042586 4294898
298566 4942662
629096 3646942
994849 3804093
042855 3839846
230308 496994
44794 3668526
048797 3833899
04537 4045489
636223 2838239
253806 3952995
442063 367982
242279 4952939
362629 2893008
233938 4948499
583907 4337023
756826 4303598
446086 3668796
585874 3735325
29749 4938049
296979 4938554
296564 4939979
362295 4049852
298249 4937589
299829 4938766
359349 4049953
359349 4049953
379832 4043487
786608 423459
204037 493863
09935 4963092
477363 4966069
2052 493293
392739 4030025
369474 3720959
042606 3947876
365586 4054732
369369 3795209
278224 4996559
929923 380643
094929 3762552
593759 3728263
999288 379895
99935 3799209
994829 3803949
244599 3687362
089436 3789999
364909 4054722
597267 3738526
375689 4065942
374977 4033096
294025 4326735
383385 4030336
377854 4022783
98476 4972355
923953 4999792
545606 2809547
820237 4348788
280543 3675249
439945 3672243
099939 4965905
447826 3665685
36067 3795479
654757 2839447
270744 3969479
032448 3950603
026234 3997928
357562 4058266
293954 4937863
254045 4957453
994409 4330939
556862 2775435
205259 494835
654306 2849999
386696 2838609
229662 4949069
625687 2845358
495242 3649093
256228 4900408
256299 4900308
235237 4893675
239858 4893968
238027 4899304
259795 4890829
233205 4890672
244477 4889999
24964 4887986
249629 488556
256999 4883445
248585 4883907
249444 4882902
247548 4882099
250873 4889429
249266 4879584
236959 4879993
244355 4876982
237052 4875845
234647 4875699
240973 4874476
252663 48939
23565 4893847
247644 4895829
248593 4885286
255249 487944
24759 488775
246003 4878475
23942 4882535
239927 4877372
234485 4889732
234496 488986
234647 4889588
23599 4889052
239267 4888865
232549 4888755
229205 4888555
23468 4888388
237054 4888235
235499 4887994
240637 4887709
234406 4887594
232559 4887536
229695 4887549
232953 4887429
229907 4887248
23403 4887996
233522 488792
230334 4887999
234779 488707
235408 4886992
236774 4886889
23748 4886493
233356 4886328
234896 4886085
2346 488592
232782 4888347
233784 4888244
238052 4885756
235959 4885783
249056 488533
234368 4885928
229764 4884883
249095 4884749
232456 4884456
22577 4883804
229565 4883759
235909 4883658
240603 4883572
23396 4883334
236655 4882689
235726 4882605
233282 4893437
225454 4892395
223447 4899072
230386 4890288
222537 4890925
224884 4889606
229092 4889948
223207 4889908
29959 4888592
223904 4888982
227299 4888934
222708 488705
224339 4883383
22787 4882697
229862 488243
220664 4882224
225049 4882085
229534 4880793
225559 4878709
222959 4899406
230433 4893868
234792 4886926
230933 4875493
228964 489397
232846 4887545
227758 4885746
232749 4882844
228943 4886797
228594 48847
247452 4888388
249724 4886543
23769 488593
257829 4884877
274287 4882909
260709 4877783
259736 4870239
268225 4887035
990877 4899743
979233 4898845
969566 489809
297054 4893822
204337 4892896
299544 4890527
209442 4889893
208909 4889754
294864 4885926
299734 4882707
292864 4880057
294364 4879309
204252 4878257
22082 4877885
999805 4876098
203299 4890958
246554 4902052
209597 4909884
239233 4900025
299994 4899557
228967 4899092
23768 4897829
249899 489777
230676 4897047
2257 489644
240038 4896959
225998 4894479
229958 4892288
29493 4902283
236529 4897588
224929 4872993
243924 4879443
249693 4869976
296734 4867737
227707 4867949
239299 4866979
227379 4865927
242802 4863024
2492 4863037
245693 4869404
244349 4859452
233784 4866869
996407 4882629
236493 4884398
234075 4884794
235586 4887644
025974 4949989
999263 494737
909098 4944202
908635 494399
904467 4949436
994557 4940847
990859 4787932
990394 4790645
955249 4728396
958239 4726903
959066 4725693
955804 4729379
969669 4799756
052997 4739644
054842 4746989
055598 4745027
070298 4742584
06928 4738962
008762 4840599
033939 499466
029704 4996359
036998 4920979
036957 4998399
032572 4920657
440702 4839935
457974 4842647
446825 4849544
452839 4838809
448229 4839267
09757 4803644
099587 4800492
999499 4477957
42069 4368956
06245 4499992
066529 4489244
059428 4486625
059369 4485368
055799 44842
059558 4482949
057285 4489494
308978 4577804
397328 4574048
398608 4577694
394293 4364929
389443 4362986
387935 4360865
385653 4358907
949658 4352062
959494 4356444
947968 4364576
939494 4360795
944326 4360487
935926 4358936
933044 4369393
943643 436909
440565 4385682
28876 4279726
042496 43398
929063 4587995
924596 4584888
926002 4589095
543429 4359822
539378 4350479
524325 4344053
5264 4343995
538992 4333993
537477 4330965
537434 4329429
537849 4329323
538329 4328696
539094 4324887
538659 433038
537842 4348742
540938 4330302
497649 4577238
483426 4576433
482899 4575289
487899 4574395
494752 4568479
483433 457582
493992 4574899
484282 4575523
522989 4349939
750598 4377593
72846 4370545
726839 437003
795638 4365347
694907 4364529
705642 4357644
709028 4357408
695699 4355089
793065 4366296
567465 4599649
572659 459903
569424 4594939
573375 4595736
57676 4598462
579702 4595025
438803 4543698
439379 4542353
444298 4548932
588997 439227
589795 4390498
60352 4393993
602979 4393774
594259 4392902
692869 439994
593988 4392503
585783 4390874
603628 4390896
540045 4327084
502856 4576004
486088 4574909
477025 4575976
493567 4572494
633372 4699009
394759 5073893
393375 5072609
329482 5068294
39546 5066946
307593 5066523
306287 5063709
30703 5063575
306234 5063265
303446 5069884
392799 5069702
305994 5059705
304976 5054859
395847 5072305
298407 5065929
776446 486399
767984 4859965
774923 4858779
773639 4858443
774694 485839
775297 4856968
773988 4852996
347794 5038203
352209 5036454
33878 5032622
739056 477753
733824 4775906
733908 4774827
739693 4773373
739793 4778963
622409 4870993
698399 4868996
699864 4867955
696584 4866694
509658 4728046
509206 4739325
503795 4732242
50642 4739505
40508 492967
40042 4927775
397969 4925368
406005 4926532
403032 4925498
409363 4923996
697494 4999859
697326 4999473
622552 4990777
239443 590324
239959 5902282
239848 4990688
693877 4935822
693948 4935506
308867 503803
279394 5052933
282753 5046399
297705 5049626
277774 5042277
260237 4887672
240839 4886453
228535 4890676
254222 4909522
099066 4949603
22639 4725907
986524 4790554
999295 4785924
06929 4752094
358399 4786829
220865 4729273
904474 4945882
939254 4356793
048894 4490799
334227 4777794
336449 4774892
697279 4926289
693644 4924699
237797 4986683
692984 4930455
639622 4789894
396237 468602
69098 4908922
797979 4779406
273929 4909736
608905 4587687
483767 4572635
485099 4579809
486273 4577038
4993 4576288
485305 4576203
579765 4598323
480573 4394666
485849 4392263
485296 4388799
487833 4397995
636592 4526952
476885 4576402
478593 4580999
036287 4664647
037928 4657244
684365 4748709
689362 475035
4884 4495954
489094 4492958
486454 4493999
556373 4329334
492094 4572236
433875 4544064
498583 4573096
662943 4595227
579479 4382033
698663 4407795
477706 4578939
482927 4589594
550936 4368985
98074 5094238
599205 472763
493428 4829733
249798 489969
245692 4877964
239798 4886478
255562 489288
229982 4892599
248538 4876736
236989 4885402
238268 488672
23749 4888932
236822 4876289
256299 4895499
237938 4870937
265399 4852304
268479 4827736
233899 4904233
230399 4858795
207204 490424
235996 490084
202457 4905496
236359 4892926
243605 4878543
233834 4869284
394947 4360605
408753 4827327
640865 4607347
655505 4606689
687933 4592332
408286 4559364
662808 4490373
535379 4596889
542898 4556897
53673 4388729
396898 5027437
237063 590326
309846 5034992
96399 5050992
304595 5039759
209792 4945999
736379 4892855
562995 4529542
483659 4505307
46888 4525498
480559 4534073
548277 432949
444463 4589024
440454 4469649
594438 4585796
479356 4568023
639096 4566483
487969 457925
608233 4593325
278266 4885474
278266 4885474
2556 4908927
203486 4879999
25839 4850074
253463 4880545
229953 4879569
225326 487039
239693 4889966
232033 4879222
248295 4893052
235655 488308
999394 4892593
227654 4872346
254323 4884989
254323 4884989
237098 4862366
220626 4894805
264932 4883424
262477 4894637
204027 4878358
974858 4898972
223649 4889073
23754 4894792
265642 4884293
294389 4892845
290638 4870206
2375 4866954
244569 4890593
254935 4890463
243252 4899053
229996 4909599
207969 490372
207969 490372
22396 4856828
292996 4903583
263757 4855705
273924 4842374
22056 4868305
202999 4894292
207337 4898858
986702 4896757
546506 4346623
673637 4342809
470258 4585658
483657 4475962
475942 4428927
474402 4432202
469324 4436858
477396 457345
798795 4372826
488928 4589739
708675 4359989
486059 4398247
709004 4360348
47599 4558473
483777 439396
359968 5045639
307965 5064957
694455 4906726
289699 4923006
267806 5047434
697059 4762682
560962 4743535
240985 4938276
596322 4877563
458894 4872939
437387 4952009
554928 4666909
256305 4862275
267923 4855438
287982 4894953
259723 4858638
297059 484336
095988 4564835
029283 4563322
946735 4355459
067565 4736544
206799 4767029
499077 4582905
647858 4359045
475945 469062
505659 4503806
060369 4908896
405027 4829658
96209 4899382
968996 4893208
967993 4808229
968026 4890458
064566 4593029
044525 4499593
940909 4353382
949845 4355006
950295 4348279
39059 4578808
388889 435858
056566 4487098
399583 4360268
999934 4583002
307427 4588935
390405 4365984
930598 4578922
676609 4342399
479995 4493694
00968 4934703
090253 4928528
485282 4678408
48667 4678897
770535 4860435
58423 4996529
249959 5063629
959424 5040329
796075 4804325
756299 4758697
989099 509529
606408 4890928
707884 4873863
004628 4309533
075978 4399384
962436 4294899
098924 4569265
036056 4327876
990266 4699994
408694 4809804
409504 4797847
489049 4628785
722278 47902
22597 5073989
338273 4903679
659029 4767292
679899 4990886
266887 5000995
540792 4994569
293928 4994206
940664 5006056
379543 4850949
293827 4922902
274064 5072353
669494 4998927
575443 4959899
589 4867032
403929 5002788
409958 4999076
754393 4760508
3269 4964377
636337 4860326
594567 4729903
487262 4553464
006948 4322956
988593 4696753
348492 4459672
032945 4569062
209927 4436029
995396 4694849
93247 4592997
077993 4348789
905062 4372332
995548 4330052
238637 4349863
976903 4525378
097889 4484486
293526 426998
326706 45559
288987 4267279
069995 4398977
463669 4366599
462777 4367528
422684 4572099
694545 4365284
932785 4760577
074099 4805388
079995 4807779
329635 4334304
325045 4334875
053009 4479292
256608 4633804
208403 4943969
299265 4940826
739359 478072
697826 4934882
659688 4857857
407998 460358
236843 470625
325809 4779939
979225 4890432
080598 4645296
07059 4733967
946329 4352794
765895 484289
737477 4870225
364668 4959097
722409 4762867
292737 5033494
943078 467003
26395 4770899
203937 4790406
969698 4729099
963032 4722455
250639 4755996
954322 4796063
096334 4953625
025976 4926747
207346 484477
04995 4955026
058993 4872733
905964 4939374
99469 4902828
99697 490929
070998 4782359
002874 4874884
907237 4944542
907242 4780748
092974 4949306
224893 4898707
27349 479778
426449 4845025
998247 4924956
088338 48847
098786 4952869
200576 4695257
005327 4770382
356724 478094
796947 4902895
769363 4852998
769354 4874606
523579 4620722
522838 4699529
607699 4629394
59929 4622679
509367 4569762
799933 4376626
505497 4342964
693265 4353268
697977 4369536
427377 4537894
559949 4338895
536533 4349947
589488 4569263
522238 4348487
429398 4552242
595968 4557274
677769 4562342
589805 4559279
57067 4575765
474583 4453292
449489 4546243
534997 4336345
499985 435876
53996 4329529
538902 4329769
487597 4509698
489087 4557398
609929 4394053
948492 484444
959668 4845929
909975 4932949
903598 492896
080044 4832782
063422 4876979
979043 4928479
90254 4687485
936736 4869069
065282 4898997
099597 4699028
920926 489205
052276 4934739
396595 4856253
989569 4685499
022374 4664992
346954 4874694
909745 4740362
973665 4737779
389588 4858795
940499 4770994
296002 4805324
928979 4709679
998982 486347
989409 479377
065709 473779
355243 4827737
24292 4709976
644752 4897589
266734 4894794
2629 4869639
30047 4398396
952085 4352664
964043 4339994
945259 4349236
45747 4394049
076522 4598965
948969 4594758
025242 4454399
084275 4707379
089599 4704603
938022 440375
952504 4494998
337792 4530648
279238 4766047
099992 4873296
208352 4743223
407953 4492799
409774 4490886
342053 4345355
437693 4894609
694804 4874493
258702 4964726
277459 4970763
047926 4639269
999489 4737263
969989 4776592
260937 4634568
343729 4362327
057943 4477899
470899 4974025
24493 4499353
590025 4363204
509909 4363809
599294 4362889
600456 4393678
593585 4392026
727532 4369549
726598 4369503
598672 4574965
559969 4535929
499753 4494982
485822 4395763
694974 4585872
636344 4565625
969895 4680596
495863 4864877
496505 4862586
934629 4874646
690339 4456858
009957 4726543
054644 4683966
429796 4788927
323248 5096995
907823 4999929
209244 4723997
960395 4804575
990435 493099
207228 4799203
97295 4820949
94642 4909657
99995 4897689
349565 4694226
334363 4654005
327694 4820564
330494 4899324
775762 4882776
746269 4827549
405525 4606609
988073 480593
993558 4469628
974664 4648827
042395 4996435
042395 4996435
709562 4999662
504046 4405047
52573 4558952
593336 4564363
059442 4365092
063449 4497593
062636 4420555
069384 4498983
688954 4997549
473495 4599922
670256 4344477
663952 4339744
503595 4382799
23779 4799209
020495 4890899
993504 464694
436239 466822
942802 4446648
068295 4440372
046695 438773
048042 4390279
066079 4599472
273737 5028273
96083 5069989
964407 5072687
749395 4845878
594058 489088
394507 4902502
492847 4969869
696098 4827759
246697 4923409
339379 4937046
245245 4925977
64399 4634896
623066 4698936
969797 4963388
959306 4842893
944533 4844685
968572 4966949
00699 4843334
0264 499436
026959 4994455
943992 4906889
998902 4834627
272529 4849492
275628 4853367
949087 4855899
052929 4595467
328289 432693
495999 4368239
383902 4356924
369264 4346992
399834 4365659
348483 4330392
392977 4358353
39267 4358335
097737 4595879
066296 4574002
564303 4625499
28704 5069232
547542 4708239
044856 4483553
928273 4366845
996909 4449929
908275 4990036
303922 487799
023237 4793985
946488 489025
300798 476635
259989 4437293
900287 4562354
439652 4895996
029898 4783772
097075 4805079
956076 4596874
295499 4395464
484998 4633962
529492 4629523
937903 4757937
022409 4640772
028762 4653688
974299 472927
958899 4798829
968076 4796363
500689 443863
685826 4759999
337799 4797876
239774 472938
964909 4893093
272394 4765939
996896 4697324
947093 479874
090952 4562989
950925 4822374
049275 463379
047008 4684999
999407 4669384
94366 4664778
036069 492
036329 4920966
062396 4828599
309899 4923939
262337 5059654
570637 483702
244908 4994623
209569 4460835
057324 4483058
937573 4363707
052006 448207
24282 42625
647662 4899735
988009 4389279
002098 4324972
479967 4625365
680979 4994946
373969 4879099
069269 4488429
063694 4478576
390702 4699859
306353 45038
504794 473578
392768 4576499
408357 4646294
48599 4677443
390856 4749962
506704 4733954
249593 4673024
436292 43892
935077 4352947
940459 4368697
937046 4359086
943256 4366989
959238 4366809
933467 4398803
299764 4399865
944842 4360536
389035 4369367
057437 4484909
39253 5077926
58002 495439
69993 4993385
289926 504323
404379 4827995
697595 4869902
294425 5044359
326999 4984994
273885 5030049
342547 50929
78349 4880025
595543 4947593
249552 4928624
695995 4994992
749806 4852529
296697 5047945
985794 5090929
736649 4807079
296535 4302988
949494 4357373
095766 446366
229683 435995
059549 4480004
949909 4359462
950295 4355092
062537 433729
370663 4340985
347606 432978
904379 4379027
308298 4409993
429962 4378358
302246 4269907
284787 4269355
434779 438957
436383 4382295
435795 4384039
995799 446457
29069 4268683
38388 4362578
299539 4277677
239086 4320709
238474 4320738
388059 4360528
235223 4329638
350809 458406
970296 4685964
393393 4575052
340938 4692527
442863 4680857
439589 4695629
065567 4734747
292328 4738969
649859 4899094
402089 4922098
693892 4829209
490227 4832859
407339 4829987
699232 4764207
257567 5049599
533092 4784352
395609 4905453
693998 4763953
038679 4390343
469997 4497682
23642 4882069
227745 4883395
530524 4594384
244506 4856597
225346 4995382
974044 494784
224885 4992537
955979 4883774
980784 5093452
948269 4360638
535497 4349383
986986 5093792
249809 4845399
388085 4502697
092074 4589693
560407 439893
775749 4860279
230947 4989976
976788 4894025
359568 503499
507599 4505044
549783 4330388
339595 4776309
569577 4398089
605078 4320332
60636 4454599
077528 4969259
352377 5035834
037586 4975904
69705 4937964
593963 4339379
239977 4863598
500089 4349284
726599 4370487
930559 4360686
266448 4883655
969928 4725079
278597 4886924
694659 4999929
284056 425346
657826 4326346
328393 503467
254938 4869677
495006 4359744
680437 4343926
023948 4492769
254634 507383
393529 5025749
235596 488302
399489 4789024
583763 4637976
967089 5073309
669486 4809678
692388 4592449
257027 4436068
300729 425588
095999 479756
065392 4483033
238758 4792024
093967 4539059
538928 4330259
973987 4805528
997589 4860384
793402 4363363
576699 4520267
273924 4898099
992426 4874828
229009 4896362
992699 4300557
233243 4887308
236292 4886753
03796 4332439
233906 4887976
029526 4797502
498064 4349787
49642 435997
506423 4393986
227729 4986278
388582 4360892
30886 4880373
473477 4597949
32956 4855929
295623 483759
475233 4973305
094967 4450943
090364 4927604
243692 4884724
022789 4802243
945958 4886328
369429 495494
647949 4352929
727869 4370025
23285 4889032
243442 4872844
392795 5068957
64829 4454895
963003 4390359
229976 4307452
32359 5047552
9709 4899598
900698 470944
29809 4956975
278425 4940969
469405 4389766
584998 4345525
604965 4340905
709534 4355294
560699 4346599
396448 4698855
295274 4839687
990027 4405703
329986 4986364
247942 4880969
934836 499565
480552 4575395
308732 5058694
206097 4876969
967749 4859729
249575 4870738
589955 4692793
293937 4880569
23866 4884728
235979 484987
070443 492869
244699 4858599
238592 4887389
474895 4396992
929995 4490226
062945 4495696
936299 4873409
253429 4868349
278926 493904
439978 4546378
223926 4889907
776786 4857722
945329 4728372
77569 4857474
692809 4869497
503493 4733798
033246 433069
933393 4808946
480964 4577578
288469 4895702
248977 4890739
270975 4883039
959336 4903759
260246 4920864
359299 5033293
29762 5040693
232945 4895827
964448 4738099
933953 4697047
405548 4604532
533509 4535309
662534 4586496
054378 4748832
299269 4397459
599965 4579462
594934 4577774
633324 4630787
599788 4589527
450089 5495404
922077 4554095
924699 455722
920449 4547555
925049 4542323
996399 4553908
996379 4553042
994225 4547929
999495 4549699
992903 454797
929037 4546224
995525 4546745
998048 4545329
999899 4546547
998524 4546932
99857 4546492
997309 4548995
998537 4549475
767048 4507666
763023 4506433
893853 4440695
985536 4537907
990635 4549026
096794 4544426
099099 4543799
098048 4542949
999074 4546526
379356 4565543
377952 4563495
920379 4548399
934265 4449595
934696 4449428
940038 4447365
926453 445299
927073 444685
764456 459924
932309 4646932
25588 4985886
250656 4983592
246779 4983475
246546 4983995
24687 4982946
247997 4993998
259462 4993266
259622 4992449
253072 4990995
248325 4990482
249657 4990277
250274 499029
249445 499097
248294 4990037
247668 4989959
250078 4990029
247459 4989652
243744 4989443
259228 4988395
252977 4986968
034704 4358887
247396 4988848
245289 4999596
243086 4993707
929836 4379956
925793 4377652
929627 4377367
2288 4974603
259999 4985065
259756 4979429
384597 4948833
095738 4464333
090639 4465489
967487 4569923
99964 4544343
233947 4543599
233423 4544922
934383 4450549
924949 444892
768599 4507092
226834 4433227
223225 4548267
266086 4597429
25788 4407966
079586 4595888
993972 454956
965628 4505478
970559 4505926
298087 4439638
978063 4503304
994899 4559922
920269 4545994
997642 4539979
030997 4355098
064677 4469298
864978 4545208
969969 4483539
964894 4484588
020735 4553592
098637 455299
029847 4559594
224595 456625
427887 408726
427958 4085327
425949 4084037
499597 4082723
426907 4085266
508889 3750058
428249 4085722
594942 3762962
932865 4332939
930597 43342
029049 4480997
993408 3924888
909243 3923083
853794 4073808
220789 4449929
226902 4433245
989353 4499997
983749 4499323
863945 4490979
986693 4347032
972894 4436824
226298 4493736
289467 4947054
992939 427734
994977 4384447
227598 4973098
262696 4987698
254093 4990872
25295 499469
092549 4404026
240546 4982009
999993 3922779
259229 4983743
329282 4370749
388042 4294927
262535 4949099
24953 4967227
979225 4209062
820829 448999
338347 4235827
299009 4249462
996432 3924452
359059 4355899
263923 4959285
908229 4589235
264808 4256423
494734 4259867
270757 4954758
202309 4422899
777788 4389869
76293 4378872
324097 4605695
335506 3892398
332936 3892788
336689 3899095
508659 3750735
509272 3759389
90269 4562464
89008 4560589
906599 4557609
896488 4569082
885509 4569267
563768 3890309
686986 4999998
555543 4946542
897952 4035305
404077 3749927
769483 4505526
999298 4543725
774928 4592237
938993 4585458
759389 4502236
860799 4490869
070837 454334
334357 4964789
648982 4924498
220947 4694097
858746 3999999
036974 43745
059673 4366835
389268 428368
274026 4396698
855628 4592829
469327 3692975
427979 4908086
470869 4292974
49649 4240688
839772 4056099
25839 430606
225457 497949
369233 4285035
049499 4383995
052795 4293272
242767 4989806
092057 4392207
237689 4390483
95299 409092
369484 3727354
947232 4562067
624492 3932889
779989 4596594
753308 4590947
942835 4549399
939732 4572029
954492 4554729
785273 4544523
372978 4330423
879946 4567799
683052 4909874
299846 4999699
890339 4547238
990778 4533664
892469 4539987
432487 4902976
232572 4589095
992639 456835
990346 4569989
360932 4925695
999426 4573579
928675 4553997
929856 4554909
763358 4509464
922297 4580379
085399 4464888
859963 4579996
935908 4560029
086404 4544086
770907 459962
078872 4555979
94299 4449206
007778 4594658
937299 4550405
883232 4589773
05967 4543996
843749 4593997
05224 4545722
95995 4552823
969253 456634
929685 4552997
960577 4568928
962484 4559909
925653 4598558
099766 4557655
945602 4527652
995439 459856
993247 460328
885293 4493349
243368 4495666
474758 4099099
779946 44557
879275 4562547
996248 4490492
980578 4696999
580098 4062728
2853 4240223
623532 393535
653297 3879698
838969 4535604
906975 449985
878939 4527843
860042 45448
846846 4596828
888975 4490765
289736 4579262
398002 4608439
467649 407374
480097 4065889
783496 4057888
906396 4583677
932742 4459369
986308 454399
064304 4469743
008399 4485999
230633 4554729
990929 3929497
497052 4096867
692577 4096583
735543 4488858
770785 4497567
997455 4559698
095494 4587959
927237 4557899
807296 4555999
952302 4530949
989672 4430477
086909 4477699
222309 446903
259786 4564098
258638 440499
729958 4046254
494703 4093493
095034 4553542
937499 4532943
926264 4543394
936795 4542996
933093 4554699
435729 4093283
43543 4093259
928054 445089
939532 4459582
263984 4409579
634857 3889975
999232 4385763
9999 459493
495558 3754245
962878 4536557
639534 3828756
626382 393905
959853 4484686
992897 4595438
38006 4396485
734533 4573987
995977 4546652
92046 4548406
992842 4560624
322793 4692999
097858 454922
929475 4548334
929569 4548599
225206 4973743
02254 4559457
033429 4482027
898634 4555263
908802 45434
904597 457868
99879 4546449
24534 4989985
945499 4554686
24778 4985765
758436 4439372
52729 3706669
930729 4538327
89445 4440502
289098 494643
449242 4095097
432539 490053
689778 4908945
266249 4999299
522723 3799229
890868 4449097
039895 4370876
553068 3895288
924898 4377687
924947 4377646
907963 4542944
263283 4986397
004882 4536592
000046 4558064
987937 454972
079997 4455693
997664 4557399
872926 4568096
230656 4554437
925799 4554995
920673 4376565
230337 4980732
245909 4989863
554484 4944589
254299 4997944
247079 4308802
928662 4374686
257998 4985423
290365 4998424
952356 4799957
607005 4962053
692949 4969954
693392 4960298
600699 4952369
694994 4985858
636356 4954697
905598 475949
908998 4757625
90737 4755099
905849 4759405
902695 4750877
906265 4750589
908986 475009
905988 4749445
907096 4749604
902297 4749096
906754 4748925
990836 4746062
994902 4743264
892924 474299
90968 4740796
994042 4749204
994929 4755233
907073 4748942
905695 4750993
909968 4759673
902908 4740952
80486 4690297
969978 475496
037407 4790989
838688 4760358
839399 4758799
797703 4768092
892792 469732
77832 4635992
662406 472394
842952 4799094
09349 462686
094694 4625945
763386 4768694
822836 4607578
829092 4605027
824933 4607498
909833 4667984
979598 4795478
764853 4766955
098329 4798977
658975 476936
895886 4745258
899966 4759693
906994 4742593
892572 4737993
896339 4745996
849903 4798797
968873 4690708
967466 4689985
684695 4684528
700828 4646929
908364 4746968
980544 4890469
870275 4633079
924669 4749887
994727 474273
904684 4747788
920969 4743436
992954 4746365
905244 4746974
905995 4749499
905393 4749656
995878 474244
990244 4743853
903692 4752769
990798 4748593
990697 4756999
906964 4753899
992038 4759594
995983 4750447
923627 4748499
903632 4754347
993886 4755057
904835 4759399
99473 4756589
990793 4748629
995875 474946
962585 4753476
078798 4890659
078893 4890562
962596 4752728
960994 4752889
993745 4750339
909364 4746558
906325 4769335
990747 4747977
90243 4750775
768689 4678476
727673 4677409
909046 4749952
799999 4709946
972669 4796263
078584 4808355
749737 4373068
476099 5295856
474807 5263006
466675 524809
464776 5242569
463522 5238968
463349 5237928
489643 5237733
48928 5237379
489994 5237929
486648 5236574
492574 5236227
488925 5235476
454979 5296053
473868 5206696
460733 5987476
435886 5207547
428374 5299293
44306 522433
448597 5296283
44995 5295994
438552 520895
429602 5208097
439088 5207865
439495 5207733
424258 5204337
599585 5209325
599732 520999
597837 5088802
57002 5084952
569052 5085082
604596 5929423
602245 5099709
448497 5953507
509079 5955569
533597 5979892
598485 5937605
547703 594403
547829 5943975
449449 5992653
447864 5993395
450945 5989374
448356 5992047
447595 5992984
590664 5998958
598969 599676
586452 5984646
586908 5984334
585259 5980792
597649 5222556
538458 5988997
529272 5987907
688082 5222594
476208 5230989
488394 5236475
489783 5237689
48939 5237386
489328 5236683
495359 5239599
477534 5958597
430999 5207629
692933 527989
525046 5983993
569797 5947296
670393 5997388
527955 523942
608208 5390929
568905 5084993
524397 520862
579686 5399934
469748 5983574
656786 5329643
655679 5329589
609973 5237992
522053 5237982
555342 5202609
470979 520937
689866 5229894
530435 5968997
530989 5969096
502872 5958689
44503 5296693
504364 5968936
486899 5962709
480937 5278243
575628 5994443
599022 5999334
589359 5095628
447963 5999879
667706 5235007
585294 597397
467544 5985335
428775 5949486
527298 5269745
428254 5299475
429284 5985972
599388 5209085
504993 5953789
489989 5266998
466689 5989302
473833 5960025
584246 5099449
569499 5965729
448937 5988649
436247 5200994
570653 5925366
448926 5206947
699665 5249596
387627 5949096
666389 5235523
609388 5086297
498922 5989946
65089 5236958
599049 5299486
47235 5228954
492927 5233727
456646 5995295
555799 5204397
453293 5989522
596255 5227595
609233 5259238
696937 5937059
433669 5206923
385378 5930599
567078 5204349
550568 5248232
433953 5999727
468222 5209943
573922 592779
579797 5085627
450982 5204423
50925 5983949
466766 5957265
499953 5249494
593935 529652
506244 5209599
539622 5299509
503394 5264783
59886 5999977
696489 5298052
457272 5227594
589958 5996457
497869 5233288
455324 5995097
454885 5986964
479266 5232998
456584 5992552
643709 5225387
503509 5292878
599763 5204998
439923 5206707
526004 5299363
687959 5339858
589209 5295857
559 5973499
427775 5948624
547868 5946939
654099 5329347
579662 5397937
65845 5329608
697799 5223562
4294 5209047
475879 5269589
699639 5252257
698987 5938908
445394 598682
646726 5279972
664272 5233989
586258 5990296
436283 5202689
556809 5999893
452396 5205502
689746 5277975
620487 5269486
495903 5248529
4945 523
67645 5228704
480652 5235999
676357 5224976
704509 5394363
657225 5302637
639045 5994478
596457 5229246
58037 5982522
59439 5090489
54223 5943646
529932 5235533
435806 5987469
556476 5296897
476303 5230849
566998 5303346
572069 5284753
692889 5228488
482462 5967363
538509 5295394
699679 5294908
474095 5949825
47434 594987
549369 5950404
439664 5203736
575099 5985577
490434 5207693
589568 599595
466366 5299999
479306 529959
599532 5954782
552498 5960499
659725 525759
465352 5235739
556464 5239532
500467 5984926
482444 5245339
448027 5999959
447995 5992205
447592 5999758
362579 5948239
598569 5297979
486338 5230298
464738 5977396
90693 6009559
084379 5992553
084693 5992709
084339 5992472
07969 5992995
075998 5992539
076053 5999308
058739 5999764
083529 5979672
070384 5944726
093854 592934
937974 5992959
086832 5993066
0683 5992052
074956 599934
06372 5999722
072804 5999009
073995 5962339
079755 5999503
900209 5994853
905243 5996785
096633 5992839
088732 5995028
052044 5989095
083786 5994344
532332 603923
074357 5999329
990658 5928329
044979 5983496
995689 6096642
530455 593789
050397 5987835
966909 5994896
093658 5975343
020444 5974306
040647 5926664
960409 5999598
022449 5993089
00482 5906896
030707 5989097
533222 5939608
532439 6046483
532676 603955
523433 6036267
529964 6034988
533973 6029635
573309 5897088
573884 589335
57298 5887592
573892 5885988
876692 5846939
799545 5894435
893369 5897836
856853 5834097
045599 6999474
069756 6079462
906859 6079596
0394 6343059
040495 6340094
696059 624726
635473 624657
949009 6409239
03765 6335906
56239 587799
073369 5999374
07498 5999092
908693 5927452
532647 6029599
072399 5994838
593035 5459906
597869 5457736
580995 5459444
599677 5465497
595537 5466855
73994 5499483
639969 5444956
727453 5499862
739582 5509297
606037 5449984
565724 5464703
589564 5453065
579908 5459338
643932 5442978
633669 5446289
627098 5486929
63502 5499922
762968 5434342
676577 5459095
674473 54634
589349 547924
73922 5459492
667364 5592297
579856 5432639
58926 5459708
592456 545984
640034 4825745
630737 4829983
634494 4829049
633597 4820907
639995 4899894
634834 4899769
627764 4899254
637634 4897805
637785 4897499
63393 4897488
6479 4895978
628327 4893523
634933 482965
636962 4829345
637602 4829968
649962 4825932
647999 4896982
638609 4895969
643083 4823955
429948 4829829
42976 4829046
428933 4825453
93935 4726752
304403 4789384
306975 4780963
304222 4780003
305882 4782994
624653 4784362
63793 4820527
637223 482078
639463 489065
56974 4898849
644428 4898937
298854 4779289
639622 4899294
639894 4890769
540939 4898987
384729 4669466
970697 4749073
97404 4742648
630972 4899244
653997 4782829
399489 473538
969606 4727398
649964 4828932
630976 4895289
698592 4728334
424498 4824976
423576 482445
657662 4830397
3674 4800422
634258 4824639
636937 4824243
390382 4768489
602679 4832294
3865 4660548
549079 4709263
383709 4659595
622059 4782979
549697 4707299
539997 4790469
635977 4897989
642948 4898529
439963 4832925
634798 4896538
43592 4676642
37853 4793945
932244 4725755
63429 4894829
643488 4824208
657726 4856249
486893 4892954
647273 4825972
364354 4899995
406359 4898006
403878 4896538
398775 4895308
306888 4777476
300696 4789637
546305 4704967
392546 4785926
959665 4723856
648608 4893952
428829 4830397
44335 4804275
620387 4793097
644399 4829999
627595 479887
639226 4835963
633039 4807653
562993 4849679
967639 4737467
945607 4727688
284376 4742873
294779 4776895
989438 4795993
297489 4759339
23893 4744582
24963 4759925
970037 4735072
607364 4856399
446395 482979
449533 4803705
304442 4825349
348395 4829239
362995 4779032
598579 4860254
349927 4679749
350869 4679203
563554 4866645
277379 4682996
939744 4799672
074355 4723085
429874 4660698
429305 4663959
43555 4662988
430849 4662666
483994 4682395
452685 4823992
450948 4859067
556056 4680538
606755 4705846
596637 4727574
588268 4695659
56385 4720652
424767 4756979
544953 4706677
546509 4706496
543076 4704573
540067 4702804
592575 4705307
527399 4742089
463226 4797984
482739 4729665
072473 4748296
942808 4726246
649684 4897399
683893 4797274
639949 482662
508884 4737669
522865 4689969
544769 4705559
563847 4822207
607082 4779856
562387 4820763
983407 4738954
636936 4822568
636833 4899959
639972 4829874
634269 4899647
635786 4820085
483738 4890845
637467 4820049
279695 4729487
633078 4830337
639442 4823493
62538 4782729
937738 4725947
627935 4899973
65622 4892939
205773 474825
42797 4829075
620099 5497678
999843 3874776
909768 387689
9237 3875997
996869 3874247
995248 3872204
993962 3879905
929377 3879992
920332 3869704
994495 3873532
994355 3875297
875049 4936757
949853 3870093
898833 3895572
99894 3879479
907579 3866292
879935 3973525
863047 4995499
930233 3870423
922792 3869968
934996 3878907
934073 3877559
864576 4062699
83965 4955706
862067 4065948
865249 4064099
868932 3924439
858984 4996384
993997 3879423
999288 3878992
793552 3709685
885928 4096458
999009 3875406
995089 386399
862009 4999977
883249 4969528
830475 4999389
854873 4920509
889099 3852398
89654 3902868
925453 3875639
932692 3880083
92783 387669
930736 3875998
92686 3876796
856282 4929933
794397 3702896
99293 3876889
859945 4949469
865439 4998097
997492 386606
995704 3867899
85669 4997337
842996 4955989
869896 4922622
888809 3856696
854596 3793273
785994 3703009
893398 3973446
78658 3800392
925398 3990098
820507 4935922
874963 4936652
836067 4928373
84578 4059452
990467 386996
926975 3908289
998975 3869399
854988 4099029
848252 4089402
899406 386368
993365 3862224
856673 4092984
839859 3960323
854003 3947928
88599 4096539
830496 494404
8408 409959
840396 4020497
759246 3980669
746897 4973933
99755 3876404
799305 4064399
724008 4054226
995566 3883477
99527 3870708
993796 3874985
999488 3876299
828059 3792839
824327 3709956
749093 4026387
844273 4029066
928565 3879483
944562 3879449
994929 3876276
840946 4954074
868942 3799356
869932 4924926
904493 3888823
993472 3949255
88759 3853695
894223 3869549
79988 4064892
690929 3264686
694349 3263579
69507 3266043
99693 3872398
869929 4994693
860597 4994999
860379 4997994
864492 4996032
773592 4929236
939756 3873924
899564 3707756
863776 4993875
923538 387236
792605 3856226
939342 3868544
929998 3872668
863605 4994054
996369 3876267
92689 3875322
933567 3877705
245044 4394475
663046 4652249
662565 465225
663639 4659995
744233 4694899
744453 4694893
694409 4620896
694642 4620387
694256 4699897
69526 4620987
760678 4756648
759226 4756924
75877 4755786
758899 4755429
853878 4737528
854376 4737408
852962 4737352
854756 4736634
849858 4738784
854049 4737689
895495 4600365
699276 4629969
749079 4709793
656756 4654638
656869 4655404
64943 4659073
853924 4736446
939928 4749432
746274 470048
662907 4659746
845079 4740995
755296 4754664
760437 4752574
692989 462935
692952 469999
937995 4742266
937696 4742644
852035 4798532
947565 4796654
70585 4662705
83089 4705002
872496 4749999
874695 4749775
83089 474745
804578 4739069
729599 4622397
779905 4729293
660954 4658293
685853 4683998
759086 475474
679658 4708458
774658 4602099
909755 4584337
905884 4705089
780297 4693799
943655 4703965
790237 4734995
835058 4735289
79358 4729792
949928 4749879
609879 4620588
690939 4643096
830877 4705449
859406 4740863
623687 4638298
724676 4793778
846693 47444
828966 4745959
85403 4745059
693569 4699629
75546 4750472
875275 4799624
953945 4685255
959233 4684576
796085 4630624
759323 4628245
828074 4706963
629947 4638799
750953 4749658
749635 4692588
880094 469797
9093 4698432
629533 4624748
695264 462674
897306 4695664
837342 4749877
700926 4709396
857305 4729692
854266 4749064
794694 4682767
684946 4646398
904888 4745399
72874 4795885
694444 4629927
893657 4598534
808309 4737273
780539 4732348
897629 4726559
642498 4647475
856395 4744982
920905 4763888
736046 4736289
84653 4748379
899288 4738962
899003 4797822
760743 4678088
879842 4735099
882402 4730563
862824 4703239
829927 4702602
744777 4694803
879249 4749556
785344 4668445
735994 4622829
757996 4720946
740976 4799286
682466 4709864
795492 4680478
707392 4690295
889602 4722565
867976 4738963
863493 4769897
890993 4756499
762677 4675949
663647 4678054
836239 4709436
662223 4678855
707797 4678703
693624 4682083
854424 4759026
772074 4759229
780979 4746746
773256 47484
69227 4638428
898204 4585059
865989 4723796
788924 4629228
965329 4744764
844629 4727274
852999 4738275
737275 4694696
699449 4629895
760097 4706867
73065 4707439
743973 4694947
395066 569395
395787 5699944
345983 5607959
324299 5596963
34034 5593828
390004 5593495
352252 5588234
396989 5588587
393726 5699955
45938 5600227
373059 560979
378379 5600354
439625 5593099
423248 5589252
428596 5588798
439329 5587294
425667 5586459
428065 5586238
425777 5585849
397546 5586336
424795 5585729
409989 5585988
420364 558548
439907 5585973
406946 5584905
426638 5584006
439442 558085
405282 5577929
39307 5577599
429435 5576592
497999 5576932
473695 5564579
449699 5560408
36294 5507944
590483 5682973
292744 5647742
297045 5646489
344647 5640662
328594 5764683
980432 5748674
20907 5798476
469029 5546899
425904 5585696
399942 5595309
395939 55956
432969 5589968
398443 5594949
399269 5579057
209935 5794638
37829 5599997
447045 5584589
442573 558453
340792 5608922
467307 556907
456949 5594372
283358 5649053
436648 5587453
496999 5583693
394257 5692899
404299 5582062
402842 5577855
439825 5590622
339763 5607872
329403 559494
359704 5588373
359792 5588355
269975 5655009
378047 5699695
492045 5586903
347969 5638677
423383 5580609
434908 558049
324937 5592522
399995 5693445
302338 5648975
473507 5594472
449442 5585585
323893 5593699
297706 579793
440237 559042
422483 5747769
340662 5598492
394209 5596848
320638 5595037
399293 5595268
289738 5562935
49547 5594339
29279 579205
396574 5699885
297062 5646907
299854 5663453
448349 4607599
566222 4653494
592049 4635958
793809 4896836
993638 4872528
509244 6025905
508337 6023836
494739 6096999
494379 6096407
487924 6029398
59355 6020566
493098 6096908
493929 6097087
493937 6097075
487266 6026399
509957 6026679
474282 602089
465667 6094932
503628 6099343
449674 690078
366929 6959493
376959 6949833
37593 6949769
376849 6949578
446082 6099244
477334 6073842
485696 6062989
480324 6027044
406533 6024926
485973 6026003
465798 6029864
477822 6097093
472299 6096358
444086 6092204
503588 6029349
480308 6097558
387492 6947698
298823 6048858
2269 6045692
232627 6044509
959929 6993989
5646 6038967
989749 6947435
494992 609786
499466 6096335
566244 6098254
665886 6087954
667237 6086809
497556 6027202
489975 6099552
590259 6040222
692799 6046322
969402 630963
399502 6039927
382002 6949953
877448 6997207
599828 6999308
565453 6096633
559793 6098804
899793 6904986
576862 622508
579887 622979
289904 6279257
727259 6968888
799902 6355853
767709 6289989
766496 628898
554397 6490422
977994 6269858
785794 623963
546307 6499649
546988 6509966
572759 6650337
729879 6968693
392275 6383295
279676 6367653
508805 6047949
499639 6098986
502932 6039697
508559 6029268
494073 609683
493879 6096957
382464 6949306
502872 60284
497934 602434
574642 6224223
964779 639026
789027 5946875
794082 5938023
796904 5936208
799898 5936097
807767 5933509
807998 5933292
803996 5933345
800029 5929297
80494 5928609
790708 5927627
893964 599683
806378 5933346
806837 5933099
89602 5939392
807589 5930906
890309 5926239
786592 5925909
799966 5927498
996976 5770843
997024 5770696
996299 5770377
308729 5564946
300939 5560306
300248 5559695
305476 5556988
309223 555822
789536 5960686
789897 5954998
828468 5948076
762907 5999624
766973 5986869
755979 5984759
79008 5954932
646763 5939349
700497 5875977
989093 583529
989728 5806993
654948 5969054
654643 5960966
497245 5778237
452686 5932526
597543 5927256
594077 592967
276033 5609374
275327 5609947
285326 5587925
399699 557094
324369 5559605
482773 5690233
480298 5687903
207067 574929
285826 5667439
695389 5869979
696486 5860285
504386 5853092
558943 584397
562599 5840897
557786 5840658
565298 5839993
420989 5777322
799603 5946984
798206 5923577
520967 5926939
663699 5775957
620723 5857256
892992 5944555
792907 5949358
808052 59294
782895 5923983
659954 5937956
797973 5933277
389787 5867852
357269 5895957
293872 5772049
484609 5698862
59328 5673565
499823 577729
495994 5776276
993274 5834968
385484 5840649
38463 5839032
997709 5769906
39407 5849323
253004 5792553
302889 5560859
389894 5697065
297339 5772022
293487 5773276
999609 5764796
99795 5787552
998463 5764632
204646 5789444
269833 5750498
259723 5693949
303294 5555059
298927 5576768
996826 5770993
290778 5665584
323636 5564295
295636 5650294
280039 5804092
269497 5604493
230769 5839406
476337 5688459
226376 5792357
289389 5625049
49442 5602274
286923 5609899
379023 5543755
332603 5584092
999925 5777306
227625 5796902
830099 5763746
633558 5667943
636427 5666927
809237 5927233
809094 5924279
805904 5933908
807093 5944446
89499 5997667
65633 596363
64697 5969287
799979 5926839
89607 5998085
809653 5935294
806097 5933499
708366 5965358
789702 5926534
78496 5999837
698875 5858722
342289 5937757
598873 6028482
352949 5939546
549679 6048575
349727 5937927
347556 5938362
796355 6065905
879259 6329083
794349 6067456
739789 6238669
463668 639787
293349 6560429
029629 6385265
469209 6397695
030289 6379864
766282 5920063
868799 5974763
800969 5936096
500392 5906397
643044 5726268
70979 5932998
662365 5960924
783957 5923654
807362 593942
807079 5933694
697867 5874892
793093 596499
702855 6929859
299827 5993478
929094 5906439
495933 5602978
204844 5760933
395594 5537329
996959 5770749
299702 5774904
768066 5985855
763749 5986742
996894 5770468
026044 6382532
333899 5628447
407305 5796326
346993 5839032
494844 5939488
999944 5774749
207459 5759279
785695 5949786
805608 5934349
305496 5558386
787506 5936293
807307 5939924
809292 5933924
809084 5933898
805383 593978
599857 5926438
509999 5832297
608025 5856857
564358 5620399
565479 6060863
375265 3804968
389977 3807228
339223 4269936
330968 4269853
332994 4269856
332084 426949
332439 4269994
332925 426784
337595 4264727
