2374 341472 1 140 1 132 304 00 1031 1 0 0
2374 341472 1 1033142 1 0 304 0 1031 1 0 0
2374 341472 1 1030324 1 322 304 03 1031 1 0 0
2374 341472 1 101 1 121 304 0 1031 1 0 0
2374 341472 1 3100430 1 14 304 032 1031 1 0 0
2374 341410 1 0242 2 123 304 00 1042 1 0 0
2374 341410 1 1043142 1 147 304 003 1042 1 0 0
2374 341410 1 13233 1 222 304 04 1042 1 0 0
2374 341410 1 1102041 1 132 304 0 1042 1 0 0
2374 341410 1 0423774 1 2 304 072 1042 1 0 0
2374 341410 1 2437332 1 2 304 072 1042 1 0 0
1304 34320201 1 342230 1 212 31742 0 1420 1 0 0
1304 34320201 1 327044 1 222 31742 04 1420 1 0 0
1304 34320201 1 223244 1 332 31742 0 1420 1 0 0
1304 34320201 1 237400 1 24 31742 322 1420 1 0 0
1304 34320201 1 231700 1 00 31742 072 1420 1 0 0
1130 344272 1 333714 2 034 31042 032 1340 1 0 0
1130 344272 1 300240 2 034 31042 032 1340 1 0 0
1130 344272 1 1022343 2 034 31042 032 1340 1 0 0
1130 344272 1 1043402 1 112 31042 03 1340 1 0 0
1130 344272 1 1071333 2 034 31042 032 1340 1 0 0
1173 34244244 1 4322 2 123 412 0 2042 1 0 0
1173 34244244 1 223272 1 007 412 0 2042 1 0 0
1173 34244244 1 1131341 1 033 412 0 2042 1 0 0
23 34241702 1 373302 3 32 337 0 1237 1 0 0
23 34241702 1 204133 2 3 337 3 1237 1 0 0
23 34241702 1 2211 1 124 337 034 1237 1 0 0
23 34241702 1 101 1 032 337 0 1237 1 0 0
23 34241702 1 1037347 1 024 337 0 1237 1 0 0
1172 024204 1 377130 1 222 320 0 3240 1 0 0
1172 024204 1 373004 1 2 320 322 3240 1 0 0
1172 024204 1 233217 2 2 320 073 3240 1 0 0
1172 024204 1 240720 1 342 320 0 3240 1 0 0
1172 024204 1 231700 1 072 320 00 3240 1 0 0
1172 024204 1 222271 1 322 320 03 3240 1 0 0
1172 024204 1 10423 1 444 320 032 3240 1 0 0
1172 024204 1 1044220 2 2 320 073 3240 1 0 0
1172 024204 1 1003712 1 142 320 04 3240 1 0 0
1172 024204 1 1073324 1 342 320 0 3240 1 0 0
1172 024204 1 1074214 1 422 320 3 3240 1 0 0
1172 024204 1 1100423 1 14 320 0 3240 1 0 0
1172 024204 1 1107443 1 1 320 022 3240 1 0 0
1172 024204 1 4402230 1 233 320 220 3240 1 0 0
1172 024204 1 41334 1 372 320 04 3240 1 0 0
1172 024204 1 7107270 1 322 320 1 3240 1 0 0
1172 024204 1 3347037 1 3 320 322 3240 1 0 0
1000 040734 1 0102 1 172 314 0 1241 1 0 0
1000 040734 1 3040 1 374 314 0 1241 1 0 0
1000 040734 1 2017 1 142 314 04 1241 1 0 0
1000 040734 1 333014 1 272 314 02 1241 1 0 0
1000 040734 1 333423 1 22 314 044 1241 1 0 0
1000 040734 1 340440 1 172 314 0 1241 1 0 0
1000 040734 1 42 1 143 314 0 1241 1 0 0
1000 040734 1 304423 1 422 314 0 1241 1 0 0
1000 040734 1 3042 1 303 314 0 1241 1 0 0
1000 040734 1 373222 1 202 314 03 1241 1 0 0
1000 040734 1 373173 2 123 314 04 1241 1 0 0
1000 040734 1 323722 1 24 314 002 1241 1 0 0
1000 040734 1 327300 1 107 314 032 1241 1 0 0
1000 040734 1 3220 1 222 314 02 1241 1 0 0
1000 040734 1 4300 1 322 314 0 1241 1 0 0
1000 040734 1 213030 1 031 314 3 1241 1 0 0
1000 040734 1 224304 1 112 314 12 1241 1 0 0
1000 040734 1 222730 1 242 314 0 1241 1 0 0
1000 040734 1 243222 1 472 314 0 1241 1 0 0
1000 040734 1 2403 1 424 314 0 1241 1 0 0
1000 040734 1 2421 2 273 314 0 1241 1 0 0
1000 040734 1 2414 2 3 314 323 1241 1 0 0
1000 040734 1 204773 2 433 314 0 1241 1 0 0
1000 040734 1 24 1 032 314 0 1241 1 0 0
1000 040734 1 222240 1 124 314 134 1241 1 0 0
1000 040734 1 1002 1 322 314 0 1241 1 0 0
1000 040734 1 1012332 1 132 314 0 1241 1 0 0
1000 040734 1 1410 1 242 314 0 1241 1 0 0
1000 040734 1 1023243 1 424 314 0 1241 1 0 0
1000 040734 1 1032400 1 1 314 0 1241 1 0 0
1000 040734 1 1043301 1 001 314 0 1241 1 0 0
1000 040734 1 1040222 1 003 314  1241 1 0 0
1000 040734 1 10733 1 422 314 1 1241 1 0 0
1000 040734 1 1031132 1 110 314 013 1241 1 0 0
1000 040734 1 101 1 034 314 0 1241 1 0 0
1000 040734 1 1322 2 244 314 0 1241 1 0 0
1000 040734 1 1320743 1 222 314 0 1241 1 0 0
1000 040734 1 1173 2 334 314 104 1241 1 0 0
1000 040734 1 1113 1 342 314 04 1241 1 0 0
1000 040734 1 1110704 1 107 314 032 1241 1 0 0
1000 040734 1 1122432 1 372 314 0 1241 1 0 0
1000 040734 1 1120303 1 274 314 024 1241 1 0 0
1000 040734 1 1123333 1 410 314 113 1241 1 0 0
1000 040734 1 1131433 1 312 314 03 1241 1 0 0
1000 040734 1 4400710 2 400 314 442 1241 1 0 0
1000 040734 1 4402230 1 233 314 220 1241 1 0 0
1000 040734 1 30421 1 442 314 0 1241 1 0 0
1000 040734 1 747 1 322 314 0 1241 1 0 0
1000 040734 1 2437421 1 022 314 0 1241 1 0 0
1000 040734 1 2443233 1 342 314 0 1241 1 0 0
1341 042372 1 3230 1 322 447 03 1244 1 0 0
744 104432 1 4273043 0 0 312 0 1112 1 0 0
212 2030 1 2340 1 124 233 034 1341 1 0 0
212 2030 1 330337 1 222 233 07 1341 1 0 0
212 2030 1 300211 1 27 233 0 1341 1 0 0
212 2030 1 300413 3 14 233 0 1341 1 0 0
212 2030 1 302477 1 107 233 042 1341 1 0 0
212 2030 1 3222 1 172 233 0 1341 1 0 0
212 2030 1 327124 1 2 233 032 1341 1 0 0
212 2030 1 323003 1 202 233 0 1341 1 0 0
212 2030 1 4300 1 322 233 0 1341 1 0 0
212 2030 1 2107 1 322 233 14 1341 1 0 0
212 2030 1 237470 2 123 233 0 1341 1 0 0
212 2030 1 244240 1 222 233 0 1341 1 0 0
212 2030 1 2211 1 124 233 034 1341 1 0 0
212 2030 1 13172 1 2322 233 0 1341 1 0 0
212 2030 1 1030324 1 322 233 03 1341 1 0 0
212 2030 1 1041720 1 2 233 132 1341 1 0 0
212 2030 1 101 1 004 233 0 1341 1 0 0
212 2030 1 1017 1 322 233 0 1341 1 0 0
212 2030 1 1323000 1 322 233 03 1341 1 0 0
212 2030 1 42241 1 2 233 032 1341 1 0 0
212 2030 1 04442 2 123 233 0 1341 1 0 0
212 2030 1 0434073 2 400 233 332 1341 1 0 0
212 2030 1 30400 1 442 233 0 1341 1 0 0
212 2030 1 3177022 1 233 233 220 1341 1 0 0
2042 240477 1 0334 1 121 4 123 1444 1 0 0
2042 240477 1 323311 1 121 4 123 1444 1 0 0
2042 240477 1 1020232 2 3 4 240 1444 1 0 0
2042 240477 1 1134472 1 121 4 123 1444 1 0 0
2042 240477 1 0321207 1 222 4 17 1444 1 0 0
2042 240477 1 2412203 1 173 4 110 1444 1 0 0
1237 330403 1 4273043 0 0 304 0 1341 1 0 0
713 300471 1 330403 1 222 324 1 1114 1 1 0
713 300471 1 332004 1 24 324 322 1114 1 0 0
713 300471 1 340004 1 044 324 0 1114 1 0 0
713 300471 1 3440 2 123 324 10 1114 1 0 0
713 300471 1 343014 2 12 324 013 1114 1 0 0
713 300471 1 4324 1 11 324 002 1114 1 04 04
713 300471 1 4403 4 2 324 140 1114 1 0 0
713 300471 1 0414 1 002 324 0 1114 1 0 0
713 300471 1 300770 1 042 324 0 1114 1 0 0
713 300471 1 302433 1 24 324 322 1114 1 0 0
713 300471 1 3700 1 4 324 112 1114 1 0 0
713 300471 1 374317 1 122 324 02 1114 1 0 0
713 300471 1 374730 1 04 324 042 1114 1 0 0
713 300471 1 330472 2 3 324 04 1114 1 0 0
713 300471 1 330324 1 272 324 12 1114 1 0 0
713 300471 1 33 2 03 324 073 1114 1 0 0
713 300471 1 2423 1 322 324 02 1114 1 0 0
713 300471 1 212443 1 04 324 042 1114 1 0 0
713 300471 1 2137 1 322 324 1 1114 1 0 0
713 300471 1 220303 1 04 324 042 1114 1 0 0
713 300471 1 222340 2 123 324 02 1114 1 0 0
713 300471 1 220334 1 322 324 43 1114 1 0 0
713 300471 1 234070 1 137 324 042 1114 1 1 0
713 300471 1 2347 1 137 324 042 1114 1 0 0
713 300471 1 247342 1 124 324 044 1114 1 0 0
713 300471 1 243740 3 212 324 32 1114 1 074 024
713 300471 1 240432 1 1 324 042 1114 1 0 0
713 300471 1 242231 2 1 324 323 1114 1 0 0
713 300471 1 244043 1 04 324 042 1114 1 0 0
713 300471 1 202032 2 1 324 04 1114 1 0 0
713 300471 1 204 1 14 324 322 1114 1 0 0
713 300471 1 204222 2 34 324 123 1114 1 1 0
713 300471 1 270122 2 4 324 213 1114 1 0 0
713 300471 1 270403 1 242 324 00 1114 1 1 0
713 300471 1 270021 2 03 324 073 1114 1 0 0
713 300471 1 2724 1 322 324 04 1114 1 0 0
713 300471 1 231700 1 00 324 072 1114 1 0 0
713 300471 1 2320 1 04 324 032 1114 1 0 0
713 300471 1 221243 2 334 324 004 1114 1 0 0
713 300471 1 224133 1 124 324 044 1114 1 0 0
713 300471 1 2247 1 04 324 0 1114 1 0 0
713 300471 1 223000 2 123 324 10 1114 1 0 0
713 300471 1 223372 1 022 324 1 1114 1 0 0
713 300471 1 13133 1 14 324 022 1114 1 0 0
713 300471 1 1334 2 03 324 073 1114 1 0 0
713 300471 1 1014043 1 322 324 07 1114 1 0 0
713 300471 1 1014000 1 072 324 01 1114 1 0 0
713 300471 1 1020004 1 24 324 132 1114 1 1 0
713 300471 1 1000 1 04 324 032 1114 1 0 0
713 300471 1 1022404 1 124 324 044 1114 1 0 0
713 300471 1 10340 2 074 324 004 1114 1 0 0
713 300471 1 1030312 2 03 324 073 1114 1 0 0
713 300471 1 1031334 1 042 324 01 1114 1 0 0
713 300471 1 10330 1 2 324 022 1114 1 0 0
713 300471 1 1030324 1 322 324 03 1114 1 0 0
713 300471 1 1044044 2 373 324 0 1114 1 1 0
713 300471 1 1002200 2 123 324 24 1114 1 0 0
713 300471 1 1003424 1 272 324 12 1114 1 0 0
713 300471 1 1002733 1 132 324 0 1114 1 0 0
713 300471 1 1071232 2 123 324 00 1114 1 0 0
713 300471 1 1070471 4 4 324 320 1114 1 0 0
713 300471 1 1073042 1 2 324 122 1114 1 0 0
713 300471 1 1072223 1 124 324 044 1114 1 0 0
713 300471 1 1033334 1 04 324 042 1114 1 0 0
713 300471 1 1323024 1 24 324 322 1114 1 0 0
713 300471 1 1103303 1 222 324 07 1114 1 0 0
713 300471 1 1110723 2 03 324 033 1114 1 0 0
713 300471 1 1114040 2 133 324 0 1114 1 0 0
713 300471 1 1130000 1 321 324 1 1114 1 0 0
713 300471 1 1130710 1 112 324 02 1114 1 0 0
713 300471 1 1130122 2 133 324 04 1114 1 0 0
713 300471 1 4407033 1 2 324 142 1114 1 1 0
713 300471 1 4421734 1 422 324 14 1114 1 0 0
713 300471 1 04412 2 112 324 112 1114 1 0 0
713 300471 1 04444 1 222 324 12 1114 1 0 0
713 300471 1 7432324 1 332 324 04 1114 1 0 0
713 300471 1 7432241 1 44 324 042 1114 1 0 0
713 300471 1 7414 1 1 324 032 1114 1 0 0
713 300471 1 74102 1 1 324 032 1114 1 0 0
713 300471 1 7441344 2 132 324 0 1114 1 042 0
713 300471 1 2227177 1 2 324 122 1114 1 0 0
713 300471 1 2303442 1 204 324 042 1114 1 044 044
713 300471 1 24374 1 232 324 0 1114 1 0 0
713 300471 1 2443031 2 320 324 0 1114 1 0 0
713 300471 1 24730 1 322 324 0 1114 1 0 0
2433 22127031 1 3343400 2 4 2002 323 13 1 0 0
1017 20770017 2 231700 3 237 440 13 1220 1 0 0
240 20730121 2 0242 1 322 230 03 2144 1 0 0
240 20730121 2 10732 1 222 230 1 2144 1 0 0
1343 47214 2 10307 1 422 317 0 1211 1 0 0
1343 47214 2 7417 1 322 317 43 1211 1 0 0
2304 70743 2 3302 1 442 414 04 13 1 0 0
2304 70743 2 2010 2 244 414 0 13 1 0 0
2304 70743 2 373203 1 107 414 102 13 1 0 0
2304 70743 2 373220 1 144 414 0 13 1 0 0
2304 70743 2 333317 1 122 414 00 13 1 0 0
2304 70743 2 237210 1 2234 414 0 13 1 0 0
2304 70743 2 242231 1 04 414 042 13 1 0 0
2304 70743 2 2442 1 112 414 02 13 1 0 0
2304 70743 2 10134 1 2 414 322 13 1 0 0
2304 70743 2 1024300 1 222 414 0 13 1 0 0
2304 70743 2 1020113 1 033 414 0 13 1 0 0
2304 70743 2 10237 1 04 414 032 13 1 0 0
2304 70743 2 1023321 1 312 414 0 13 1 0 0
2304 70743 2 1022743 1 242 414 0 13 1 0 0
2304 70743 2 1022214 1 077 414 042 13 1 0 0
2304 70743 2 1034411 1 122 414 04 13 1 0 0
2304 70743 2 1043123 2 143 414 1 13 1 044 044
2304 70743 2 1044003 1 322 414 03 13 1 0 0
2304 70743 2 1040404 1 112 414 0 13 1 0 0
2304 70743 2 1041410 1 231 414 0 13 1 0 0
2304 70743 2 1040432 1 232 414 01 13 1 0 0
2304 70743 2 1077342 1 132 414 0 13 1 0 0
2304 70743 2 1077410 2 334 414 034 13 1 0 0
2304 70743 2 1073317 1 222 414 1 13 1 0 0
2304 70743 2 1320201 1 302 414 0 13 1 0 0
2304 70743 2 1101442 1 322 414 02 13 1 0 0
2304 70743 2 1102007 1 233 414 0 13 1 0 0
2304 70743 2 1132342 2 133 414 02 13 1 0 0
2304 70743 2 1110040 1 312 414 0 13 1 0 0
2304 70743 2 4273040 0 0 414 0 13 1 1 0
2304 70743 2 7441412 1 24 414 222 13 1 0 0
1210 20244143 1 0734 1 322 440 04 2344 1 0 0
1210 20244143 1 4421 1 342 440 0 2344 1 0 0
1210 20244143 1 32 1 232 440 0 2344 1 0 0
1210 20244143 1 213122 2 21 440 0 2344 1 0 0
1210 20244143 1 222 2 4 440 323 2344 1 0 0
1210 20244143 1 2230 1 242 440 0 2344 1 0 0
1210 20244143 1 223207 1 107 440 112 2344 1 0 0
1210 20244143 1 232313 1 422 440 10 2344 1 0 0
1210 20244143 1 271242 2 4 440 14 2344 1 0 0
1210 20244143 1 231244 4 2 440 324 2344 1 0 0
1210 20244143 1 13073 1 124 440 014 2344 1 0 0
1210 20244143 1 1012307 1 122 440 02 2344 1 0 0
1210 20244143 1 10230 1 24 440 002 2344 1 0 0
1210 20244143 1 10001 2 423 440 0 2344 1 0 0
1210 20244143 1 1070101 1 2 440 022 2344 1 0 0
1210 20244143 1 1327701 1 242 440 02 2344 1 0 0
1210 20244143 1 1102041 1 132 440 0 2344 1 0 0
1210 20244143 1 4272433 1 122 440 0 2344 1 0 0
1210 20244143 1 0321033 1 122 440 04 2344 1 0 0
1210 20244143 1 0403721 2 133 440 0 2344 1 0 0
1210 20244143 1 0002303 1 022 440 3 2344 1 0 0
1210 20244143 1 74002 1 222 440 0 2344 1 0 0
1210 20244143 1 30123 1 322 440 02 2344 1 0 0
1210 2023 2 302022 1 172 440 0 2213 1 0 0
1210 2023 2 370404 1 042 440 0 2213 1 0 0
1210 2023 2 10423 1 322 440 32 2213 1 0 0
1210 2023 2 1074422 1 112 440 0 2213 1 0 0
1210 2023 2 1033144 1 122 440 0 2213 1 0 0
430 27023223 2 2220277 1 2222 222 30 1440 1 0 0
430 27032 2 333404 1 322 222 03 1332 1 0 0
1 273242 2 73 2 1123 322 0 1712 1 0 0
1 273242 2 341333 1 74 322 400 1712 1 0 0
1 273242 2 3040 2 242 322 242 1712 1 0 0
1 273242 2 237047 2 423 322 0 1712 1 0 0
1 273242 2 243247 1 222 322 0 1712 1 0 0
1 273242 2 231700 3 237 322 13 1712 1 0 0
1 273242 2 2343 1 442 322 04 1712 1 0 0
1 273242 2 1003432 1 232 322 0 1712 1 0 0
1 273242 2 1104704 1 342 322 0 1712 1 0 0
1 273242 2 1120322 1 242 322 0 1712 1 0 0
1 273242 2 44777 1 722 322 0 1712 1 0 0
1 273242 2 4422343 1 2122 322 0 1712 1 0 0
1 273242 2 4273040 0 0 322 0 1712 1 2 0
1 273242 2 02724 1 107 322 032 1712 1 0 0
1 273242 2 7432244 1 202 322 03 1712 1 0 0
1 273242 2 22271 1 232 322 03 1712 1 0 0
244 27100332 2 330041 1 04 424 012 1442 1 0 0
244 27100332 2 320017 1 04 424 032 1442 1 0 0
244 27100332 2 243033 1 14 424 042 1442 1 0 0
244 27100332 2 242020 1 212 424 02 1442 1 0 0
244 27100332 2 2422 1 04 424 012 1442 1 0 0
244 27100332 2 272231 1 122 424 12 1442 1 0 0
244 27100332 2 277203 2 1 424 033 1442 1 0 0
244 27100332 2 1003712 1 142 424 04 1442 1 0 0
244 27100332 2 1320343 1 1 424 012 1442 1 0 0
244 27100332 2 11223 1 222 424 0 1442 1 0 0
244 27100332 2 0403401 1 222 424 0 1442 1 0 0
244 27100332 2 0433230 1 233 424 100 1442 1 0 0
713 27323320 2 4221 1 322 324 0 1234 1 0 0
713 27323320 2 334434 1 04 324 0 1234 1 0 0
713 27323320 2 3407 1 14 324 042 1234 1 0 0
713 27323320 2 224321 1 212 324 0 1234 1 0 0
713 27323320 2 2004 1 04 324 0 1234 1 0 0
713 27323320 2 2234 1 322 324 0 1234 1 0 0
713 27323320 2 227042 1 14 324 0 1234 1 0 0
713 27323320 2 223730 4 420 324 0 1234 1 0 0
713 27323320 2 1022743 1 242 324 0 1234 1 0 0
713 27323320 2 1034132 1 14 324 042 1234 1 0 0
713 27323320 2 1073744 1 24 324 0 1234 1 0 0
713 27323320 2 10004 1 1 324 022 1234 1 0 0
713 27323320 2 13274 1 14 324 0 1234 1 0 0
713 27323320 2 1320437 1 442 324 0 1234 1 0 0
713 27323320 2 13271 1 334 324 004 1234 1 0 0
713 27323320 2 1114137 1 242 324 0 1234 1 0 0
713 27323320 2 1120442 1 14 324 0 1234 1 0 0
713 27323320 2 44723 1 122 324 0 1234 1 0 0
713 27323320 2 40723 1 132 324 0 1234 1 0 0
713 27323320 2 4272342 1 132 324 0 1234 1 0 0
713 27323320 2 2044040 1 122 324 0 1234 1 0 0
2 27323302 2 1344 1 124 324 034 2040 1 0 0
2 27323302 2 2340 1 124 324 034 2040 1 0 0
2 27323302 2 10132 1 124 324 034 2040 1 0 0
2 27323302 2 2337722 1 124 324 034 2040 1 0 0
1017 37440 3 344104 1 134 440 024 1033 1 0 0
1017 37440 3 3304 1 1 440 0 1033 1 0 0
1017 3744223 3 322 2 4 440 323 1143 1 0 0
1017 3744223 3 2221 1 312 440 0 1143 1 0 0
1017 3744223 3 334333 3 227 440 0 1143 1 0 0
1017 3744223 3 230233 1 312 440 0 1143 1 0 0
1017 3744223 3 233007 2 4 440 223 1143 1 0 0
1017 3744223 3 2414 2 3 440 323 1143 1 0 0
1017 3744223 3 272143 1 424 440 0 1143 1 0 0
1017 3744223 3 231700 1 072 440 00 1143 1 0 0
1017 3744223 3 237237 1 024 440 0 1143 1 0 0
1017 3744223 3 2302 2 4 440 323 1143 1 0 0
1017 3744223 3 1044073 1 223 440 0 1143 1 0 0
1017 3744223 3 1042403 1 2 440 032 1143 1 0 0
1017 3744223 3 1000372 1 24 440 042 1143 1 0 0
1017 3744223 3 1320030 1 107 440 032 1143 1 0 0
1017 3744223 3 1100321 1 24 440 042 1143 1 0 0
1017 3744223 3 1113210 1 2 440 032 1143 1 0 0
1017 3744223 3 11024 2 4 440 113 1143 1 0 0
1017 3744223 3 11024 4 4 440 324 1143 1 0 0
1017 3744223 3 0212433 1 122 440 0 1143 1 0 0
2371 3301703 3 340301 1 072 317 00 1442 1 0 0
2371 3301703 3 2027 1 122 317 0 1442 1 0 0
2371 3301703 3 10341 2 3 317 323 1442 1 0 0
2371 3301703 3 10404 2 3 317 0 1442 1 0 0
2371 3301703 3 1072423 1 133 317 0 1442 1 0 0
2371 3301703 3 0032032 1 322 317 04 1442 1 0 0
2371 3301703 3 0434330 1 233 317 100 1442 1 0 0
1130 3332344 3 4403432 2 400 307 442 1423 1 0 0
1130 3332344 3 232 1 233 307 220 1423 1 0 0
347 3310030 3 3321 1 122 307 0 1710 1 0 0
347 3310030 3 210707 1 04 307 042 1710 1 0 0
347 3310030 3 273042 1 322 307 00 1710 1 0 0
347 3310030 3 272707 1 0 307 014 1710 1 0 0
347 3310030 3 227101 1 042 307 01 1710 1 0 0
347 3310030 3 222271 1 322 307 03 1710 1 0 0
347 3310030 3 1022431 1 042 307 01 1710 1 0 0
347 3310030 3 102 1 142 307 0 1710 1 0 0
347 3310030 3 10374 1 04 307 042 1710 1 0 0
347 3310030 3 1022743 1 242 307 0 1710 1 0 0
347 3310030 3 1040347 1 042 307 01 1710 1 0 0
347 3310030 3 1122401 1 042 307 01 1710 1 0 0
347 3311003 3 1043700 2 142 307 142 12 1 0 0
347 33113 3 4402471 2 400 307 442 2024 1 0 0
347 3313022 3 3774 1 422 307 12 2110 1 0 0
347 3313022 3 334714 1 1 307 042 2110 1 0 0
347 3313022 3 342014 1 23 307 323 2110 1 0 0
347 3313022 3 372002 2 423 307 0 2110 1 0 0
347 3313022 3 322024 2 220 307 302 2110 1 0 0
347 3313022 3 0017 2 123 307 0 2110 1 0 0
347 3313022 3 0740 1 422 307 1 2110 1 0 0
347 3313022 3 211401 1 2 307 322 2110 1 0 0
347 3313022 3 2137 1 322 307 1 2110 1 0 0
347 3313022 3 223740 1 112 307 04 2110 1 0 0
347 3313022 3 232074 1 2 307 042 2110 1 0 0
347 3313022 3 244430 1 3 307 0 2110 1 0 0
347 3313022 3 201444 1 102 307 0 2110 1 0 0
347 3313022 3 2222 2 2 307 0 2110 1 0 0
347 3313022 3 1020 2 404 307 134 2110 1 0 0
347 3313022 3 1023244 1 222 307 0 2110 1 0 0
347 3313022 3 1037303 2 244 307 0 2110 1 0 0
347 3313022 3 1040144 1 422 307 2 2110 1 0 0
347 3313022 3 10427 2 7 307 0 2110 1 0 0
347 3313022 3 10430 3 374 307 102 2110 1 0 0
347 3313022 3 1070374 1 134 307 024 2110 1 0 0
347 3313022 3 10707 1 202 307 0 2110 1 0 0
347 3313022 3 101 1 042 307 0 2110 1 0 0
347 3313022 3 10303 1 132 307 0 2110 1 0 0
347 3313022 3 1110432 3 1033 307 0 2110 1 0 0
347 3313022 3 1110032 1 322 307 0 2110 1 0 0
347 3313022 3 1123022 2 223 307 0 2110 1 0 0
347 3313022 3 1120440 1 24 307 042 2110 1 0 0
347 3313022 3 1120322 1 242 307 0 2110 1 0 0
347 3313022 3 1133440 1 2 307 042 2110 1 0 0
347 3313022 3 4423043 1 322 307 0 2110 1 0 0
347 3313022 3 7441424 1 322 307 0 2110 1 0 0
347 3313022 3 2437403 1 122 307 0 2110 1 0 0
347 3313022 3 2420773 1 222 307 0 2110 1 0 0
210 3317220 3 230330 1 24 4 042 1313 1 0 0
210 3317220 3 1032704 1 327 4 402 1313 1 0 0
210 3317220 3 0433230 1 233 4 100 1313 1 0 0
1213 33137 3 231700 1 072 4 00 1213 1 0 0
1213 33137 3 1044073 1 421 4 0 1213 1 0 0
1213 33137 3 2723732 1 04 4 0 1213 1 0 0
223 3331207 3 1007 1 122 220 32 1423 1 0 0
223 3331207 3 227234 1 212 220 0 1423 1 0 0
223 3331207 3 17434 1 14 220 002 1423 1 0 0
223 3331207 3 10423 1 132 220 0 1423 1 0 0
223 3331207 3 10074 1 242 220 0 1423 1 0 0
223 3331403 3 340301 1 00 220 072 1401 1 0 0
223 3331403 3 2002 1 272 220 0 1401 1 0 0
223 3331403 3 3023 1 342 220 0 1401 1 0 0
223 3331403 3 3002 1 04 220 0 1401 1 0 0
223 3331403 3 3043 1 24 220 022 1401 1 0 0
223 3331403 3 370734 1 242 220 0 1401 1 0 0
223 3331403 3 373331 1 222 220 0 1401 1 0 0
223 3331403 3 332774 1 112 220 0 1401 1 0 0
223 3331403 3 324241 1 322 220 0 1401 1 0 0
223 3331403 3 2243 1 322 220 0 1401 1 0 0
223 3331403 3 33 2 0 220 0 1401 1 0 0
223 3331403 3 214313 1 24 220 322 1401 1 0 0
223 3331403 3 210312 1 272 220 0 1401 1 0 0
223 3331403 3 223342 1 112 220 12 1401 1 0 0
223 3331403 3 223272 1 007 220 0 1401 1 0 0
223 3331403 3 2244 1 322 220 0 1401 1 0 0
223 3331403 3 233244 1 232 220 0 1401 1 0 0
223 3331403 3 244244 1 232 220 0 1401 1 0 0
223 3331403 3 2414 1 14 220 042 1401 1 0 0
223 3331403 3 242341 1 122 220 0 1401 1 0 0
223 3331403 3 274044 1 042 220 01 1401 1 0 0
223 3331403 3 2200 2 112 220 112 1401 1 0 0
223 3331403 3 2222 1 40 220 303 1401 1 0 0
223 3331403 3 237734 1 312 220 0 1401 1 0 0
223 3331403 3 1014110 1 24 220 132 1401 1 0 0
223 3331403 3 1 2 4 220 333 1401 1 0 0
223 3331403 3 1037220 1 242 220 0 1401 1 0 0
223 3331403 3 10404 1 24 220 322 1401 1 0 0
223 3331403 3 1042227 2 723 220 0 1401 1 0 0
223 3331403 3 1004407 1 322 220 03 1401 1 0 0
223 3331403 3 1070100 1 2274 220 1144 1401 1 0 0
223 3331403 3 1077373 1 272 220 1 1401 1 0 0
223 3331403 3 101 1 11 220 0 1401 1 0 0
223 3331403 3 10424 2 223 220 0 1401 1 0 0
223 3331403 3 1032300 1 2 220 042 1401 1 0 0
223 3331403 3 1032313 1 372 220 0 1401 1 0 0
223 3331403 3 13214 1 242 220 0 1401 1 0 0
223 3331403 3 1322402 2 334 220 144 1401 1 0 0
223 3331403 3 1104447 1 142 220 0 1401 1 0 0
223 3331403 3 1100423 1 242 220 0 1401 1 0 0
223 3331403 3 1110222 2 3 220 0 1401 1 0 0
223 3331403 3 11303 2 4 220 333 1401 1 0 0
223 3331403 3 1131034 1 202 220 0 1401 1 0 0
223 3331403 3 1130343 1 322 220 0 1401 1 0 0
223 3331403 3 4407443 1 14 220 042 1401 1 0 0
223 3331403 3 4402230 1 233 220 220 1401 1 0 0
223 3331403 3 4272233 1 122 220 0 1401 1 0 0
223 3331403 3 74423 1 312 220 0 1401 1 0 0
223 3331403 3 31124 1 732 220 0 1401 1 0 0
223 3331403 3 24412 1 222 220 0 1401 1 0 0
223 3331403 3 2474403 1 122 220 0 1401 1 0 0
223 3331403 3 2077413 1 322 220 0 1401 1 0 0
223 3331432 3 4403 2 1 220 073 1410 1 0 0
223 3331432 3 373330 2 123 220 0 1410 1 0 0
223 3331432 3 231700 1 072 220 00 1410 1 0 0
223 3331432 3 230324 1 044 220 0 1410 1 0 0
223 3331432 3 1013142 4 2 220 124 1410 1 0 0
223 3331432 3 107 1 242 220 0 1410 1 0 0
223 3331432 3 1072022 1 142 220 0 1410 1 0 0
223 3331432 3 1322032 1 24 220 0 1410 1 0 0
223 3331432 3 11332 1 232 220 0 1410 1 0 0
223 3331432 3 0212030 1 122 220 0 1410 1 0 0
223 3331432 3 3112302 1 2 220 002 1410 1 0 0
223 3331432 3 2412772 10 02 220 0 1410 1 0 0
223 3331432 3 27233 1 04 220 0 1410 1 0 0
223 3332342 3 210473 1 442 220 0 1313 1 0 0
223 3332342 3 273300 1 104 220 004 1313 1 0 0
223 3332342 3 11143 3 227 220 0 1313 1 0 0
223 3332342 3 10124 1 2 220 042 1313 1 0 0
223 3332342 3 1030342 1 107 220 132 1313 1 0 0
223 3332342 3 1030143 1 321 220 1 1313 1 0 0
223 3332342 3 1033033 1 24 220 142 1313 1 0 0
223 3332342 3 1322440 1 072 220 01 1313 1 0 0
223 3332342 3 1104442 1 342 220 0 1313 1 0 0
223 3332342 3 1113331 1 242 220 00 1313 1 0 0
223 3332342 3 4477022 1 2 220 102 1313 1 0 0
223 3332342 3 432 2 03 220 033 1313 1 0 0
223 3332342 3 447 1 04 220 012 1313 1 0 0
223 3332342 3 40070 2 03 220 033 1313 1 0 0
223 3332342 3 2227013 1 24 220 022 1313 1 0 0
223 33374 3 3332 1 312 220 0 1247 1 0 0
223 33374 3 214072 1 04 220 022 1247 1 0 0
223 33374 3 232234 2 173 220 20 1247 1 0 0
223 33374 3 11421 1 04 220 022 1247 1 0 0
223 33374 3 1033770 2 123 220 02 1247 1 0 0
2324 3341702 3 342202 1 322 324 0 1424 1 0 0
2324 3341702 3 303704 1 134 324 024 1424 1 0 0
2324 3341702 3 373347 1 022 324 07 1424 1 0 0
2324 3341702 3 230137 3 44 324 147 1424 1 0 0
2324 3341330 3 4441 1 110 324 0 1447 1 0 0
2324 3341330 3 3473 1 1 324 042 1447 1 0 0
2324 3341330 3 343322 1 104 324 324 1447 1 0 0
2324 3341330 3 1710 1 432 324 0 1447 1 0 0
2324 3341330 3 2304 2 112 324 112 1447 1 0 0
2324 3341330 3 332774 2 112 324 112 1447 1 0 0
2324 3341330 3 3210 1 1 324 042 1447 1 0 0
2324 3341330 3 2247 1 04 324 0 1447 1 0 0
2324 3341330 3 1033223 1 212 324 0 1447 1 0 0
2324 3341330 3 1040202 1 322 324 07 1447 1 0 0
2324 3341330 3 1040004 1 412 324 01 1447 1 0 0
2324 3341330 3 1071012 1 722 324 0 1447 1 0 0
2324 3341330 3 1100423 1 242 324 0 1447 1 0 0
2324 3341330 3 1110001 1 034 324 0 1447 1 0 0
2324 3341330 3 4471723 1 1 324 042 1447 1 0 0
2324 3341330 3 44410 1 122 324 0 1447 1 0 0
2324 3341330 3 03000 1 04 324 0 1447 1 0 0
1344 3343374 3 4224 1 332 324 0 2110 1 0 0
1344 3343374 3 42 1 377 324 0 2110 1 0 0
1344 3343374 3 0772 1 122 324 7 2110 1 0 0
1344 3343374 3 300211 1 172 324 0 2110 1 0 0
1344 3343374 3 331242 1 431 324 0 2110 1 0 0
1344 3343374 3 3230 1 2 324 322 2110 1 0 0
1344 3343374 3 4300 1 322 324 0 2110 1 0 0
1344 3343374 3 2300 2 4 324 0 2110 1 0 0
1344 3343374 3 223741 1 2 324 012 2110 1 0 0
1344 3343374 3 2414 2 3 324 323 2110 1 0 0
1344 3343374 3 277427 1 132 324 04 2110 1 0 0
1344 3343374 3 231700 1 072 324 00 2110 1 0 0
1344 3343374 3 237014 1 104 324 044 2110 1 0 0
1344 3343374 3 221327 1 342 324 0 2110 1 0 0
1344 3343374 3 222222 1 312 324 04 2110 1 0 0
1344 3343374 3 22 1 24 324 142 2110 1 0 0
1344 3343374 3 17222 1 24 324 132 2110 1 0 0
1344 3343374 3 10233 2 423 324 0 2110 1 0 0
1344 3343374 3 1022743 1 242 324 0 2110 1 0 0
1344 3343374 3 1030001 1 322 324 0 2110 1 0 0
1344 3343374 3 1044033 1 432 324 0 2110 1 0 0
1344 3343374 3 1001747 1 24 324 132 2110 1 0 0
1344 3343374 3 1031413 1 322 324 0 2110 1 0 0
1344 3343374 3 101 1 074 324 0 2110 1 0 0
1344 3343374 3 1117323 1 33 324 0 2110 1 0 0
1344 3343374 3 11303 1 2 324 102 2110 1 0 0
1344 3343374 3 1133373 1 422 324 0 2110 1 0 0
1344 3343374 3 2437427 1 2 324 012 2110 1 0 0
1344 3343374 3 2044043 1 222 324 0 2110 1 0 0
1344 3343374 3 2704004 1 712 324 0 2110 1 0 0
1010 33404 3 1404 1 322 31042 0 1430 1 0 0
1010 33404 3 333273 1 2 31042 072 1430 1 0 0
1010 33404 3 332342 0 3 31042 224 1430 1 0 0
1010 33404 3 302723 1 212 31042 04 1430 1 0 0
1010 33404 3 3743 1 222 31042 0 1430 1 0 0
1010 33404 3 217174 1 312 31042 04 1430 1 0 0
1010 33404 3 223203 1 107 31042 032 1430 1 0 0
1010 33404 3 241172 1 1 31042 444 1430 1 0 0
1010 33404 3 241412 1 111 31042 113 1430 1 0 0
1010 33404 3 273374 1 172 31042 0 1430 1 0 0
1010 33404 3 231700 1 072 31042 00 1430 1 0 0
1010 33404 3 1014003 1 742 31042 0 1430 1 0 0
1010 33404 3 1017001 3 14 31042 147 1430 1 0 0
1010 33404 3 10042 1 212 31042 0 1430 1 0 0
1010 33404 3 1077771 1 422 31042 0 1430 1 0 0
1010 33404 3 13243 1 422 31042 0 1430 1 0 0
1010 33404 3 1110024 1 312 31042 04 1430 1 0 0
1010 33404 3 1133443 1 304 31042 041 1430 1 0 0
1010 33404 3 7024124 1 322 31042 0 1430 1 0 0
1010 33404 3 7433330 1 142 31042 0 1430 1 0 0
1010 33404 3 2470432 1 377 31042 122 1430 1 0 0
2304 30017 3 340301 1 072 414 00 1210 1 0 0
2304 30017 3 3232 1 122 414 0 1210 1 0 0
2304 30017 3 4203 1 222 414 14 1210 1 0 0
2304 30017 3 3233 1 122 414 0 1210 1 0 0
2304 30017 3 214174 2 423 414 23 1210 1 0 0
2304 30017 3 2343 1 037 414 032 1210 1 0 0
2304 30017 3 277044 1 422 414 07 1210 1 0 0
2304 30017 3 230 1 24 414 042 1210 1 0 0
2304 30017 3 1004244 1 222 414 14 1210 1 0 0
2304 30017 3 1072022 1 142 414 0 1210 1 0 0
2304 30017 3 101 1 040 414 0 1210 1 0 0
2304 30017 3 10301 1 372 414 0 1210 1 0 0
2304 30017 3 1327230 1 312 414 0 1210 1 0 0
2304 30017 3 1104343 1 122 414 0 1210 1 0 0
122 342 3 0414241 3 424 330 137 1140 1 224 074
1233 3211433 3 3307 1 132 3 0 1421 1 0 0
1233 3211433 3 2323 1 304 3 0 1421 1 0 0
1233 3211433 3 333024 1 1 3 042 1421 1 0 0
1233 3211433 3 27 1 132 3 03 1421 1 0 0
1233 3211433 3 304003 1 002 3 0 1421 1 0 0
1233 3211433 3 372222 1 440 3 0 1421 1 0 0
1233 3211433 3 333220 1 14 3 022 1421 1 0 0
1233 3211433 3 321201 1 320 3 0 1421 1 0 0
1233 3211433 3 4300 1 322 3 0 1421 1 0 0
1233 3211433 3 213023 2 113 3 04 1421 1 0 0
1233 3211433 3 234120 1 212 3 0 1421 1 0 0
1233 3211433 3 244347 1 122 3 0 1421 1 0 0
1233 3211433 3 243040 1 004 3 0 1421 1 0 0
1233 3211433 3 241127 1 107 3 072 1421 1 0 0
1233 3211433 3 270122 1 24 3 132 1421 1 0 0
1233 3211433 3 233040 1 132 3 0 1421 1 0 0
1233 3211433 3 237402 2 334 3 204 1421 1 0 0
1233 3211433 3 14 2 4 3 323 1421 1 0 0
1233 3211433 3 1022743 1 242 3 0 1421 1 0 0
1233 3211433 3 1034321 1 1242 3 314 1421 1 0 0
1233 3211433 3 1034330 1 124 3 044 1421 1 0 0
1233 3211433 3 1047041 1 304 3 113 1421 1 0 0
1233 3211433 3 1002117 1 24 3 012 1421 1 0 0
1233 3211433 3 1000401 1 702 3 404 1421 1 0 0
1233 3211433 3 1003343 1 172 3 12 1421 1 0 0
1233 3211433 3 1077444 1 1 3 042 1421 1 0 0
1233 3211433 3 1072237 1 333 3 320 1421 1 0 0
1233 3211433 3 1324032 1 072 3 03 1421 1 0 0
1233 3211433 3 13272 2 123 3 0 1421 1 0 0
1233 3211433 3 1100321 1 24 3 042 1421 1 0 0
1233 3211433 3 1113730 1 2 3 042 1421 1 0 0
1233 3211433 3 11300 1 322 3 00 1421 1 0 0
1233 3211433 3 4407001 1 2 3 102 1421 1 0 0
1233 3211433 3 4473043 2 03 3 033 1421 1 0 0
1233 3211433 3 441 2 03 3 033 1421 1 0 0
1233 3211433 3 4421740 1 044 3 0 1421 1 0 0
1233 3211433 3 0272301 1 222 3 03 1421 1 0 0
1233 3211433 3 2470432 1 377 3 122 1421 1 0 0
13 32237 3 373203 1 422 442 00 1233 1 0 0
13 32237 3 221400 1 222 442 0 1233 1 0 0
13 32237 3 1042171 1 322 442 2 1233 1 0 0
13 32237 3 1070327 1 112 442 04 1233 1 0 0
1377 32324 3 2007 1 142 323 0 2012 1 0 0
1377 32324 3 4441 1 140 323 0 2012 1 0 0
1377 32324 3 344104 1 134 323 024 2012 1 0 0
1377 32324 3 0123 1 322 323 07 2012 1 0 0
1377 32324 3 3032 2 24 323 003 2012 1 0 0
1377 32324 3 373220 1 32 323 0 2012 1 0 0
1377 32324 3 337234 1 2 323 322 2012 1 0 0
1377 32324 3 210331 1 124 323 034 2012 1 0 0
1377 32324 3 212423 1 44 323 142 2012 1 0 0
1377 32324 3 223272 1 007 323 0 2012 1 0 0
1377 32324 3 224042 2 132 323 0 2012 1 0 0
1377 32324 3 232223 1 124 323 014 2012 1 0 0
1377 32324 3 201444 1 102 323 0 2012 1 0 0
1377 32324 3 201772 1 322 323 04 2012 1 0 0
1377 32324 3 14423 1 101 323 0 2012 1 0 0
1377 32324 3 1024300 1 222 323 0 2012 1 0 0
1377 32324 3 1023244 1 222 323 0 2012 1 0 0
1377 32324 3 1043123 1 322 323 04 2012 1 0 0
1377 32324 3 10430 2 24 323 003 2012 1 0 0
1377 32324 3 1044040 1 322 323 0 2012 1 0 0
1377 32324 3 101 1 174 323 0 2012 1 0 0
1377 32324 3 1320034 1 272 323 12 2012 1 0 0
1377 32324 3 1102242 1 142 323 0 2012 1 0 0
1377 32324 3 1110001 1 132 323 0 2012 1 0 0
1377 32324 3 1122442 1 322 323 0 2012 1 0 0
1377 32324 3 0403742 1 372 323 02 2012 1 0 0
1377 32324 3 7432301 1 420 323 0 2012 1 0 0
1377 32324 3 2320770 1 133 323 020 2012 1 0 0
1377 32324 3 2723732 2 1 323 0 2012 1 0 0
1377 32324 3 27233 2 1 323 0 2012 1 0 0
1377 32324 3 22424 1 142 323 0 2012 1 0 0
2104 32474 2 3033 1 212 440 03 2242 1 0 0
2104 32474 2 320302 1 142 440 04 2242 1 0 0
2104 32474 2 327413 2 1 440 0 2242 1 0 0
2104 32474 2 2342 1 1 440 002 2242 1 0 0
2104 32474 2 223740 1 112 440 04 2242 1 0 0
2104 32474 2 241702 1 332 440 07 2242 1 0 0
2104 32474 2 241703 1 072 440 0 2242 1 0 0
2104 32474 2 204701 1 112 440 01 2242 1 0 0
2104 32474 2 273470 1 132 440 00 2242 1 0 0
2104 32474 2 222271 2 123 440 00 2242 1 0 0
2104 32474 2 13270 1 122 440 0 2242 1 0 0
2104 32474 2 1024243 2 073 440 0 2242 1 0 0
2104 32474 2 1022743 1 242 440 0 2242 1 0 0
2104 32474 2 1044233 2 1 440 0 2242 1 0 0
2104 32474 2 1071232 1 322 440 03 2242 1 0 0
2104 32474 2 1073042 1 2 440 122 2242 1 0 0
2104 32474 2 1324133 1 2 440 322 2242 1 0 0
2104 32474 2 1100423 1 242 440 0 2242 1 0 0
2104 32474 2 1110032 1 2 440 0 2242 1 0 0
2104 32474 2 11232 1 103 440 030 2242 1 0 0
2104 32474 2 11333 1 122 440 0 2242 1 0 0
2104 32474 2 1134310 2 44 440 223 2242 1 0 0
2104 32474 2 4400332 1 122 440 03 2242 1 0 0
2104 32474 2 4400240 1 122 440 03 2242 1 0 0
2104 32474 2 4403300 1 122 440 03 2242 1 0 0
2104 32474 2 2420312 1 322 440 0 2242 1 0 0
314 3242207 3 247241 0 0 3 0 1707 1 0 0
314 3242207 3 1012241 1 144 3 032 1707 1 044 044
314 3242207 3 1022043 2 4 3 323 1707 1 0 0
314 3242207 3 1020113 1 1 3 0 1707 1 0 0
314 3242207 3 1023310 4 430 3 03 1707 1 0 0
314 3242207 3 1104334 1 14 3 142 1707 1 0 0
314 3242207 3 242 2 3 3 223 1707 1 0 0
314 3242237 3 10004 1 1 3 022 1712 1 0 0
314 3242237 3 4404424 1 022 3 0 1712 1 0 0
1237 3272330 3 0123 1 322 320 07 1304 1 0 0
1237 3272330 3 221132 4 2 320 0 1304 1 0 0
1237 3272330 3 1014110 1 24 320 132 1304 1 0 0
1237 3272330 3 1104103 1 072 320 04 1304 1 0 0
1237 3272330 3 1122114 1 132 320 0 1304 1 0 0
1237 3272330 3 747 2 123 320 0 1304 1 0 0
1237 32724 3 0104 1 04 320 0 1300 1 0 0
1237 32724 3 3002 2 1 320 0 1300 1 0 0
1237 32724 3 323032 1 142 320 0 1300 1 0 0
1237 32724 3 24 1 132 320 0 1300 1 0 0
1237 32724 3 243110 1 222 320 0 1300 1 0 0
1237 32724 3 244022 2 3 320 133 1300 1 0 0
1237 32724 3 231700 1 072 320 00 1300 1 0 0
1237 32724 3 232234 1 032 320 13 1300 1 0 0
1237 32724 3 221132 2 1 320 0 1300 1 0 0
1237 32724 3 223342 1 122 320 0 1300 1 0 0
1237 32724 3 10007 1 242 320 00 1300 1 0 0
1237 32724 3 101 1 001 320 0 1300 1 0 0
1237 32724 3 10314 1 242 320 0 1300 1 0 0
1237 32724 3 11204 1 222 320 07 1300 1 0 0
1232 3222432 3 0273210 1 1322 400 0 1223 1 0 0
430 10170 3 4731 1 24 222 022 32 1 0 0
430 10170 3 2203 1 342 222 0 32 1 0 0
430 10170 3 3043 1 24 222 022 32 1 0 0
430 10170 3 373034 1 122 222 0 32 1 0 0
430 10170 3 2234 1 132 222 0 32 1 0 0
430 10170 3 240000 1 733 222 0 32 1 0 0
430 10170 3 023 1 2 222 072 32 1 0 0
430 10170 3 270223 1 042 222 02 32 1 0 0
430 10170 3 222204 1 332 222 0 32 1 0 0
430 10170 3 11744 1 2 222 322 32 1 0 0
430 10170 3 10123 2 273 222 0 32 1 0 0
430 10170 3 1040701 1 2 222 322 32 1 0 0
430 10170 3 1070442 1 3 222 072 32 1 0 0
430 10170 3 10303 2 4 222 223 32 1 0 0
430 10170 3 101 1 002 222 0 32 1 0 0
430 10170 3 1030003 1 232 222 0 32 1 0 0
430 10170 3 1323107 1 3 222 322 32 1 0 0
430 10170 3 1112233 1 304 222 0 32 1 0 0
430 10170 3 1131427 1 2 222 072 32 1 0 0
430 10170 3 4402374 1 233 222 220 32 1 0 0
430 10170 3 0434201 1 233 222 220 32 1 0 0
430 10170 3 3177022 1 233 222 220 32 1 0 0
430 10170 3 2470432 1 377 222 122 32 1 0 0
2324 37220 3 233704 1 322 222 0 1017 1 0 0
2324 37220 3 244430 1 172 222 0 1017 1 0 0
2324 37220 3 1032140 1 134 222 0 1017 1 0 0
2122 44204 3 241210 1 402 401 0 0331 1 0 0
2122 44204 3 270722 1 04 401 042 0331 1 0 0
2122 44204 3 1023310 4 014 401 03 0331 1 0 0
2122 44204 3 1004433 1 1422 401 0 0331 1 0 0
2122 44204 3 10334 1 233 401 0 0331 1 0 0
2122 44204 3 1104331 1 222 401 04 0331 1 0 0
2122 44204 3 4400440 1 274 401 044 0331 1 0 0
2122 44204 3 03201 1 112 401 02 0331 1 0 0
2122 44204 3 7440343 1 2222 401 0 0331 1 0 0
423 04723 3 340241 2 144 3 104 1040 1 0 0
423 04723 3 300140 2 1 3 323 1040 1 0 0
423 04723 3 1034030 3 4 3 307 1040 1 0 0
423 04723 3 10422 1 302 3 1 1040 1 0 0
423 04723 3 1070001 1 002 3 04 1040 1 0 0
423 04723 3 1100423 1 242 3 0 1040 1 0 0
2110 342 3 2203 1 243 374 101 1447 1 0 0
2110 342 3 337203 1 0 374 0 1447 1 0 0
2110 342 3 300211 1 173 374 0 1447 1 0 0
2110 342 3 370000 1 222 374 0 1447 1 0 0
2110 342 3 331014 2 273 374 12 1447 1 0 0
2110 342 3 3333 1 322 374 044 1447 1 0 0
2110 342 3 224021 1 122 374 03 1447 1 0 0
2110 342 3 272707 1 03 374 02 1447 1 0 0
2110 342 3 234714 1 1 374 002 1447 1 0 0
2110 342 3 10741 1 022 374 0 1447 1 0 0
2110 342 3 1132702 1 032 374 0 1447 1 0 0
2110 342 3 11331 1 222 374 0 1447 1 0 0
2110 342 3 11371 1 244 374 042 1447 1 0 0
2110 342 3 1133407 1 2 374 042 1447 1 0 0
2110 342 3 4402374 1 233 374 220 1447 1 0 0
2110 342 3 4402471 1 233 374 220 1447 1 0 0
2110 342 3 0434030 1 233 374 100 1447 1 0 0
2110 342 3 74071 1 222 374 04 1447 1 0 0
2110 342 3 2077441 1 302 374 0 1447 1 0 0
2110 342 3 20770 1 302 374 0 1447 1 0 0
2302 21071 3 333307 2 423 430 2 1242 1 0 0
2302 21071 3 343420 1 272 430 00 1242 1 0 0
2302 21071 3 344402 1 1122 430 0 1242 1 0 0
2302 21071 3 3424 1 4 430 112 1242 1 0 0
2302 21071 3 3332 2 113 430 013 1242 1 0 0
2302 21071 3 332070 1 2 430 322 1242 1 0 0
2302 21071 3 272 2 4 430 323 1242 1 0 0
2302 21071 3 0202 2 4 430 133 1242 1 0 0
2302 21071 3 0030 1 2 430 322 1242 1 0 0
2302 21071 3 222014 2 113 430 013 1242 1 0 0
2302 21071 3 243334 1 242 430 0 1242 1 0 0
2302 21071 3 271431 1 222 430 0 1242 1 0 0
2302 21071 3 274022 1 24 430 042 1242 1 0 0
2302 21071 3 277223 2 113 430 013 1242 1 0 0
2302 21071 3 14420 1 4 430 112 1242 1 0 0
2302 21071 3 1022743 1 202 430 0 1242 1 0 0
2302 21071 3 1047441 2 1133 430 0 1242 1 0 0
2302 21071 3 10424 1 102 430 0 1242 1 0 0
2302 21071 3 10741 1 124 430 014 1242 1 0 0
2302 21071 3 1323 1 142 430 0 1242 1 0 0
2302 21071 3 1104233 1 442 430 04 1242 1 0 0
2302 21071 3 1121334 1 312 430 03 1242 1 0 0
2302 21071 3 11211 1 422 430 0 1242 1 0 0
2302 21071 3 11223 1 222 430 0 1242 1 0 0
2302 21071 3 7147317 2 422 430 422 1242 1 0 0
2302 21071 3 7400234 1 222 430 0 1242 1 0 0
2302 21071 3 3012042 1 212 430 0 1242 1 0 0
2302 21071 3 3002220 1 1422 430 0 1242 1 0 0
2302 21071 3 2227144 1 172 430 02 1242 1 0 0
2302 21071 3 2227401 2 023 430 0 1242 1 0 0
2302 21071 3 24402 1 022 430 1 1242 1 0 0
2044 2143320 3 243403 1 342 333 0 1040 1 0 0
2044 2143320 3 223411 1 044 333 0 1040 1 0 0
2044 2143320 3 101 1 033 333 0 1040 1 0 0
2044 2143320 3 0434372 3 347 333 32 1040 1 0 0
2330 2172120 3 4414 1 322 342 323 1703 1 0 0
2330 2172120 3 1032244 1 222 342 0 1703 1 0 0
224 2177 3 0342 1 212 4 0 1442 1 0 0
224 2177 3 2242 1 222 4 0 1442 1 0 0
224 2177 3 3022 1 24 4 022 1442 1 0 0
224 2177 3 302022 1 172 4 0 1442 1 0 0
224 2177 3 333404 1 322 4 03 1442 1 0 0
224 2177 3 324003 1 142 4 0 1442 1 0 0
224 2177 3 320302 1 142 4 04 1442 1 0 0
224 2177 3 214 1 202 4 0 1442 1 0 0
224 2177 3 224242 1 122 4 0 1442 1 0 0
224 2177 3 14430 1 722 4 0 1442 1 0 0
224 2177 3 1074424 1 122 4 0 1442 1 0 0
224 2177 3 1131433 1 312 4 03 1442 1 0 0
224 2177 3 4421033 2 1 4 0 1442 1 0 0
224 2177 3 7442273 1 122 4 0 1442 1 0 0
224 2177 3 30437 1 442 4 0 1442 1 0 0
224 2177 3 2420312 1 322 4 0 1442 1 0 0
432 21101 3 222202 1 242 321 0 1210 1 0 0
432 21101 3 1033024 1 233 321 0 1210 1 0 0
432 21101 3 0403327 1 322 321 0 1210 1 0 0
1110 2221340 3 4214 1 134 344 004 1440 1 0 0
1110 2221340 3 343014 10 0 344 32 1440 1 0 0
1110 2221340 3 243233 1 132 344 0 1440 1 0 0
1110 2221340 3 242317 1 1 344 012 1440 1 0 0
1110 2221340 3 204700 2 433 344 0 1440 1 0 0
1110 2221340 3 417 2 3 344 231 1440 1 0 0
1110 2221340 3 2423 1 103 344 010 1440 1 0 0
1110 2221340 3 2204 3 374 344 242 1440 1 0 0
1110 2221340 3 2374 10 2 344 042 1440 1 0 0
1110 2221340 3 1014141 1 122 344 0 1440 1 0 0
1110 2221340 3 1022743 2 404 344 0 1440 1 0 0
1110 2221340 3 1100301 3 407 344 0 1440 1 0 0
1110 2221340 3 30432 1 442 344 0 1440 1 0 0
304 2301470 2 303704 1 133 322 020 1733 1 0 0
304 2301470 2 3730 2 3 322 323 1733 1 0 0
304 2301470 2 322037 1 134 322 024 1733 1 0 0
304 2301470 2 272 1 24 322 042 1733 1 0 0
304 2301470 2 2423 1 017 322 103 1733 1 0 0
304 2301470 2 2330 1 107 322 132 1733 1 0 0
304 2301470 2 222314 1 14 322 142 1733 1 0 0
304 2301470 2 222714 1 132 322 03 1733 1 0 0
304 2301470 2 1023224 1 411 322 103 1733 1 0 0
304 2301470 2 1022743 1 232 322 0 1733 1 0 0
304 2301470 2 1101010 1 1 322 0 1733 1 0 0
304 2301470 2 44410 1 122 322 0 1733 1 0 0
304 2301470 2 4422231 1 143 322 0 1733 1 0 0
304 2301470 2 0403717 1 24 322 222 1733 1 0 0
304 2301470 2 24000 1 14 322 142 1733 1 0 0
304 2304227 3 322204 1 322 322 02 1332 1 0 0
304 2304227 3 2272 1 04 322 042 1332 1 0 0
304 2304227 3 1001332 1 04 322 042 1332 1 0 0
304 2304227 3 1113332 1 442 322 0 1332 1 0 0
304 2304227 3 2320073 1 442 322 0 1332 1 0 0
1022 040000 3 1744220 1 3 034 033 13 1 0 0
1022 040000 3 1747433 2 2 034 073 13 1 0 0
1022 040000 3 17337 1 1 034 012 13 1 0 0
1022 040000 3 1342774 1 202 034 0 13 1 0 0
1022 040000 3 13017 1 242 034 24 13 1 0 0
1022 040000 3 1372270 1 333 034 0 13 1 0 0
1022 040000 3 13014 1 032 034 0 13 1 0 0
1022 040000 3 12472 1 2 034 122 13 1 0 0
1022 040000 3 12 1 3 034 0 13 1 0 0
1022 040000 3 12020 1 313 034 0 13 1 0 0
1022 040000 3 1231132 1 032 034 0 13 1 0 0
1022 040000 3 27434 1 222 034 04 13 1 0 0
1022 040000 3 2017333 1 222 034 0 13 1 0 0
1022 040000 3 2012200 1 322 034 03 13 1 0 0
1022 040000 3 2034023 1 122 034 0 13 1 0 0
1022 040000 3 2002203 1 313 034 0 13 1 0 0
1022 040000 3 2070030 1 332 034 0 13 1 0 0
1022 040000 3 4024430 1 322 034 0 13 1 0 0
1022 040000 3 4222032 1 342 034 0 13 1 0 0
1022 040000 3 3133442 1 022 034 0 13 1 0 0
1022 040000 3 22223 1 222 034 0 13 1 0 0
22 02002 3 037217 1 033  040 2233 1 0 0
347 0232424 4 3370 1 414 307 0 1217 1 0 0
347 0232424 4 340301 4 310 307 24 1217 1 0 0
347 0232424 4 300770 3 177 307 0 1217 1 0 0
347 0232424 4 337212 1 102 307 0 1217 1 0 0
347 0232424 4 2141 4 320 307 4 1217 1 0 0
347 0232424 4 242337 1 122 307 0 1217 1 0 0
347 0232424 4 203024 2 323 307 0 1217 1 0 0
347 0232424 4 203330 3 2327 307 0 1217 1 0 0
347 0232424 4 1007232 1 442 307 0 1217 1 0 0
347 0232424 4 1070330 3 327 307 0 1217 1 0 0
347 0232424 4 1324424 1 042 307 0 1217 1 0 0
347 0232424 4 1101240 1 142 307 0 1217 1 0 0
347 0232424 4 1110032 1 322 307 0 1217 1 0 0
347 0232424 4 1114010 3 44 307 147 1217 1 0 0
347 0232424 4 03032 1 1223 307 014 1217 1 0 0
347 0232424 4 03704 1 404 307 0 1217 1 0 0
14 0232427 4 322143 1 222 307 0 2 1 0 0
14 0232427 4 4423 1 3 307 032 2 1 0 0
14 0232427 4 244424 1 3 307 032 2 1 0 0
14 0232427 4 272411 1 1300 307 304 2 1 0 0
14 0232427 4 231700 1 072 307 00 2 1 0 0
14 0232427 4 0433031 1 233 307 100 2 1 0 0
14 0232427 4 0434077 1 233 307 100 2 1 0 0
14 0232427 4 30437 1 442 307 0 2 1 0 0
223 0232703 4 201303 1 1 220 042 1242 1 0 0
223 0232703 4 0321447 1 24 220 222 1242 1 0 0
223 0232703 4 241 1 24 220 222 1242 1 0 0
1344 02323 4 4130 1 312 324 0 1741 1 0 0
1344 02323 4 2300 2 4 324 0 1741 1 0 0
1344 02323 4 10430 1 124 324 034 1741 1 0 0
343 023232102 4 2430 2 123 324 14 2031 1 0 0
343 023232102 4 1014177 2 123 324 04 2031 1 0 0
343 023232102 4 1112241 2 1 324 133 2031 1 0 0
343 023232102 4 1134323 1 222 324 0 2031 1 0 0
34 010100 4 231700 2 1 224 12 1401 1 0 0
1222 014 4 2343 1 222 441 0 1744 1 0 0
1222 014 4 4441 1 327 441 0 1744 1 0 0
1222 014 4 334434 2 1 441 0 1744 1 0 0
1222 014 4 334410 1 232 441 0 1744 1 0 0
1222 014 4 334303 1 341 441 0 1744 1 0 0
1222 014 4 332040 1 222 441 0 1744 1 0 0
1222 014 4 341024 1 172 441 02 1744 1 0 0
1222 014 4 300770 2 113 441 0 1744 1 0 0
1222 014 4 377220 1 102 441 01 1744 1 0 0
1222 014 4 3103 1 072 441 02 1744 1 0 0
1222 014 4 3200 2 413 441 02 1744 1 0 0
1222 014 4 323003 1 202 441 0 1744 1 0 0
1222 014 4 1423 3 4 441 037 1744 1 0 0
1222 014 4 243323 1 132 441 0 1744 1 0 0
1222 014 4 244224 1 2 441 322 1744 1 0 0
1222 014 4 2414 2 3 441 323 1744 1 0 0
1222 014 4 243222 1 24 441 102 1744 1 0 0
1222 014 4 202403 1 322 441 0 1744 1 0 0
1222 014 4 271124 1 034 441 004 1744 1 0 0
1222 014 4 270223 2 113 441 04 1744 1 0 0
1222 014 4 231700 2 1 441 12 1744 1 0 0
1222 014 4 224037 1 132 441 0 1744 1 0 0
1222 014 4 223112 1 24 441 072 1744 1 0 0
1222 014 4 140 1 132 441 00 1744 1 0 0
1222 014 4 10002 1 072 441 04 1744 1 0 0
1222 014 4 1024731 1 2 441 032 1744 1 0 0
1222 014 4 10411 1 2 441 322 1744 1 0 0
1222 014 4 1071440 1 4 441 207 1744 1 0 0
1222 014 4 1074037 1 322 441 04 1744 1 0 0
1222 014 4 10444 1 222 441 0 1744 1 0 0
1222 014 4 1322424 1 002 441 0 1744 1 0 0
1222 014 4 11274 1 1 441 022 1744 1 0 0
1222 014 4 1100423 1 242 441 0 1744 1 0 0
1222 014 4 1114711 1 712 441 0 1744 1 0 0
1222 014 4 1121334 1 312 441 03 1744 1 0 0
1222 014 4 0403742 1 24 441 222 1744 1 0 0
1222 014 4 0032301 1 322 441 0 1744 1 0 0
1222 014 4 24000 1 14 441 142 1744 1 0 0
1173 023244 4 1072022 1 142 412 0 1430 1 0 0
1173 023244 4 2044401 1 122 412 0 1430 1 0 0
122 041237 4 10443 1 322 330 0 1230 1 0 0
122 041237 4 1117300 2 313 330 00 1230 1 0 0
122 041237 4 1130777 1 142 330 0 1230 1 0 0
122 041237 4 2044007 1 422 330 0 1230 1 0 0
3 003224 4 1270 1 2 3 002 1231 1 0 0
3 003224 4 7002 1 2 3 002 1231 1 0 0
3 003224 4 2432 1 322 3 03 1231 1 0 0
3 003224 4 170 1 2 3 002 1231 1 0 0
3 003224 4 1010440 1 2 3 002 1231 1 0 0
3 003224 4 1114300 2 173 3 1 1231 1 11 0
3 003224 4 1133132 1 122 3 0 1231 1 0 0
403 0130 4 1037340 1 304 440 0 32 1 0 0
403 0130 4 132 1 322 440 0 32 1 0 0
403 0130 4 0443443 2 4 440 223 32 1 0 0
403 0132 4 334434 1 04 440 0 34 1 0 0
403 0132 4 3324 1 032 440 0 34 1 0 0
403 0132 4 7403 1 223 440 0 34 1 0 0
403 0132 4 300323 1 122 440 0 34 1 0 0
403 0132 4 3723 1 2 440 322 34 1 0 0
403 0132 4 324103 2 442 440 442 34 1 0 0
403 0132 4 2112 1 072 440 0 34 1 0 0
403 0132 4 0220 1 132 440 04 34 1 0 0
403 0132 4 213423 1 322 440 0 34 1 0 0
403 0132 4 214072 1 04 440 022 34 1 0 0
403 0132 4 213334 1 107 440 102 34 1 0 0
403 0132 4 241412 1 0 440 143 34 1 0 0
403 0132 4 140 1 132 440 00 34 1 0 0
403 0132 4 100 1 232 440 0 34 1 0 0
403 0132 4 1041242 1 030 440 0 34 1 0 0
