2375 841472 1 146 1 139 364 06 1631 1 0 0
2375 841472 1 1033142 1 0 364 0 1631 1 0 0
2375 841472 1 1036325 1 099 364 03 1631 1 0 0
2375 841472 1 101 1 121 364 0 1631 1 0 0
2375 841472 1 8160430 1 15 364 039 1631 1 0 0
2375 841516 1 6249 2 198 364 06 1642 1 0 0
2375 841516 1 1043142 1 157 364 068 1642 1 0 0
2375 841516 1 10983 1 299 364 04 1642 1 0 0
2375 841516 1 1102651 1 189 364 0 1642 1 0 0
2375 841516 1 6423775 1 2 364 079 1642 1 0 0
2375 841516 1 9487839 1 2 364 079 1642 1 0 0
1364 84896261 1 842930 1 219 31742 0 1520 1 0 0
1364 84896261 1 897044 1 299 31742 04 1520 1 0 0
1364 84896261 1 920955 1 309 31742 0 1520 1 0 0
1364 84896261 1 937406 1 25 31742 099 1520 1 0 0
1364 84896261 1 981760 1 06 31742 079 1520 1 0 0
1130 845972 1 833715 2 034 31642 032 1340 1 0 0
1130 845972 1 866950 2 034 31642 032 1340 1 0 0
1130 845972 1 1022843 2 034 31642 032 1340 1 0 0
1130 845972 1 1048462 1 119 31642 08 1340 1 0 0
1130 845972 1 1071333 2 034 31642 032 1340 1 0 0
1173 84945254 1 4399 2 198 412 0 2042 1 0 0
1173 84945254 1 923972 1 067 412 0 2042 1 0 0
1173 84945254 1 1131351 1 088 412 0 2042 1 0 0
98 84951769 1 878302 3 09 337 0 1937 1 0 0
98 84951769 1 965138 2 3 337 8 1937 1 0 0
98 84951769 1 9911 1 125 337 034 1937 1 0 0
98 84951769 1 101 1 039 337 0 1937 1 0 0
98 84951769 1 1087347 1 025 337 0 1937 1 0 0
1172 025264 1 877180 1 229 396 0 0946 1 0 0
1172 025264 1 878664 1 2 396 099 0946 1 0 0
1172 025264 1 930917 2 2 396 078 0946 1 0 0
1172 025264 1 940796 1 359 396 0 0946 1 0 0
1172 025264 1 981760 1 079 396 06 0946 1 0 0
1172 025264 1 999971 1 099 396 03 0946 1 0 0
1172 025264 1 10493 1 444 396 089 0946 1 0 0
1172 025264 1 1045220 2 2 396 078 0946 1 0 0
1172 025264 1 1068719 1 149 396 05 0946 1 0 0
1172 025264 1 1073324 1 359 396 0 0946 1 0 0
1172 025264 1 1075214 1 599 396 3 0946 1 0 0
1172 025264 1 1106523 1 15 396 0 0946 1 0 0
1172 025264 1 1107553 1 1 396 029 0946 1 0 0
1172 025264 1 5569230 1 233 396 226 0946 1 0 0
1172 025264 1 51335 1 379 396 04 0946 1 0 0
1172 025264 1 7167970 1 399 396 1 0946 1 0 0
1172 025264 1 8357687 1 3 396 099 0946 1 0 0
1060 040735 1 0162 1 179 315 0 1251 1 0 0
1060 040735 1 8656 1 375 315 0 1251 1 0 0
1060 040735 1 9617 1 149 315 05 1251 1 0 0
1060 040735 1 833014 1 279 315 02 1251 1 0 0
1060 040735 1 833598 1 22 315 044 1251 1 0 0
1060 040735 1 846550 1 179 315 0 1251 1 0 0
1060 040735 1 42 1 148 315 0 1251 1 0 0
1060 040735 1 865528 1 429 315 0 1251 1 0 0
1060 040735 1 8642 1 368 315 0 1251 1 0 0
1060 040735 1 870929 1 269 315 03 1251 1 0 0
1060 040735 1 873178 2 198 315 04 1251 1 0 0
1060 040735 1 893729 1 25 315 069 1251 1 0 0
1060 040735 1 897306 1 167 315 032 1251 1 0 0
1060 040735 1 8996 1 299 315 02 1251 1 0 0
1060 040735 1 4360 1 099 315 0 1251 1 0 0
1060 040735 1 918086 1 081 315 8 1251 1 0 0
1060 040735 1 924804 1 119 315 12 1251 1 0 0
1060 040735 1 929730 1 259 315 0 1251 1 0 0
1060 040735 1 940922 1 479 315 0 1251 1 0 0
1060 040735 1 9408 1 524 315 0 1251 1 0 0
1060 040735 1 9421 2 278 315 0 1251 1 0 0
1060 040735 1 9515 2 3 315 098 1251 1 0 0
1060 040735 1 964773 2 438 315 0 1251 1 0 0
1060 040735 1 94 1 089 315 0 1251 1 0 0
1060 040735 1 992246 1 125 315 134 1251 1 0 0
1060 040735 1 1602 1 099 315 0 1251 1 0 0
1060 040735 1 1019389 1 189 315 0 1251 1 0 0
1060 040735 1 1416 1 249 315 0 1251 1 0 0
1060 040735 1 1028953 1 524 315 0 1251 1 0 0
1060 040735 1 1039566 1 1 315 0 1251 1 0 0
1060 040735 1 1043301 1 061 315 0 1251 1 0 0
1060 040735 1 1050229 1 068 315  1251 1 0 0
1060 040735 1 10788 1 499 315 1 1251 1 0 0
1060 040735 1 1081189 1 116 315 013 1251 1 0 0
1060 040735 1 101 1 084 315 0 1251 1 0 0
1060 040735 1 1092 2 254 315 0 1251 1 0 0
1060 040735 1 1096743 1 299 315 0 1251 1 0 0
1060 040735 1 1173 2 334 315 164 1251 1 0 0
1060 040735 1 1118 1 359 315 04 1251 1 0 0
1060 040735 1 1110764 1 167 315 032 1251 1 0 0
1060 040735 1 1122532 1 379 315 0 1251 1 0 0
1060 040735 1 1126808 1 274 315 025 1251 1 0 0
1060 040735 1 1128333 1 416 315 118 1251 1 0 0
1060 040735 1 1131488 1 319 315 08 1251 1 0 0
1060 040735 1 5566716 2 466 315 452 1251 1 0 0
1060 040735 1 5569230 1 233 315 226 1251 1 0 0
1060 040735 1 80521 1 459 315 0 1251 1 0 0
1060 040735 1 757 1 099 315 0 1251 1 0 0
1060 040735 1 9487521 1 699 315 0 1251 1 0 0
1060 040735 1 9553288 1 849 315 0 1251 1 0 0
1351 052379 1 3230 1 099 447 03 1955 1 0 0
744 165432 1 5978648 0 0 312 0 1119 1 0 0
212 2086 1 2346 1 125 288 034 1341 1 0 0
212 2086 1 830887 1 229 288 07 1341 1 0 0
212 2086 1 866211 1 27 288 0 1341 1 0 0
212 2086 1 866518 3 15 288 0 1341 1 0 0
212 2086 1 869577 1 167 288 052 1341 1 0 0
212 2086 1 8999 1 179 288 0 1341 1 0 0
212 2086 1 897125 1 2 288 089 1341 1 0 0
212 2086 1 898068 1 269 288 0 1341 1 0 0
212 2086 1 4360 1 099 288 0 1341 1 0 0
212 2086 1 9167 1 399 288 15 1341 1 0 0
212 2086 1 937570 2 198 288 0 1341 1 0 0
212 2086 1 945256 1 299 288 0 1341 1 0 0
212 2086 1 9911 1 125 288 034 1341 1 0 0
212 2086 1 18172 1 2099 288 0 1341 1 0 0
212 2086 1 1036325 1 099 288 03 1341 1 0 0
212 2086 1 1041796 1 2 288 139 1341 1 0 0
212 2086 1 101 1 065 288 0 1341 1 0 0
212 2086 1 1017 1 099 288 0 1341 1 0 0
212 2086 1 1098066 1 099 288 03 1341 1 0 0
212 2086 1 59951 1 2 288 039 1341 1 0 0
212 2086 1 64442 2 198 288 0 1341 1 0 0
212 2086 1 6534078 2 466 288 332 1341 1 0 0
212 2086 1 80560 1 459 288 0 1341 1 0 0
212 2086 1 8177622 1 233 288 226 1341 1 0 0
2052 246477 1 0834 1 191 4 128 1445 1 0 0
2052 246477 1 893811 1 191 4 128 1445 1 0 0
2052 246477 1 1026209 2 3 4 256 1445 1 0 0
2052 246477 1 1134472 1 191 4 128 1445 1 0 0
2052 246477 1 6391267 1 299 4 17 1445 1 0 0
2052 246477 1 9419268 1 173 4 116 1445 1 0 0
1287 336468 1 5978648 0 0 304 0 1351 1 0 0
718 360571 1 830503 1 299 324 1 1115 1 1 0
718 360571 1 839605 1 25 324 099 1115 1 0 0
718 360571 1 840664 1 055 324 0 1115 1 0 0
718 360571 1 8446 2 198 324 16 1115 1 0 0
718 360571 1 848015 2 12 324 018 1115 1 0 0
718 360571 1 5325 1 11 324 069 1115 1 04 04
718 360571 1 5468 4 2 324 156 1115 1 0 0
718 360571 1 6515 1 062 324 0 1115 1 0 0
718 360571 1 860776 1 059 324 0 1115 1 0 0
718 360571 1 862538 1 25 324 099 1115 1 0 0
718 360571 1 8706 1 4 324 119 1115 1 0 0
718 360571 1 874317 1 199 324 02 1115 1 0 0
718 360571 1 874736 1 05 324 049 1115 1 0 0
718 360571 1 880579 2 3 324 04 1115 1 0 0
718 360571 1 880895 1 279 324 12 1115 1 0 0
718 360571 1 88 2 08 324 078 1115 1 0 0
718 360571 1 9598 1 099 324 02 1115 1 0 0
718 360571 1 912553 1 05 324 049 1115 1 0 0
718 360571 1 9137 1 099 324 1 1115 1 0 0
718 360571 1 920308 1 05 324 049 1115 1 0 0
718 360571 1 922340 2 198 324 02 1115 1 0 0
718 360571 1 926884 1 899 324 53 1115 1 0 0
718 360571 1 934676 1 137 324 042 1115 1 1 0
718 360571 1 9347 1 137 324 042 1115 1 0 0
718 360571 1 947849 1 125 324 044 1115 1 0 0
718 360571 1 948756 3 212 324 09 1115 1 075 025
718 360571 1 950439 1 1 324 059 1115 1 0 0
718 360571 1 952981 2 1 324 098 1115 1 0 0
718 360571 1 955043 1 05 324 049 1115 1 0 0
718 360571 1 962609 2 1 324 04 1115 1 0 0
718 360571 1 964 1 15 324 099 1115 1 0 0
718 360571 1 965292 2 35 324 128 1115 1 1 0
718 360571 1 976199 2 5 324 218 1115 1 0 0
718 360571 1 976463 1 259 324 06 1115 1 1 0
718 360571 1 976621 2 08 324 078 1115 1 0 0
718 360571 1 9795 1 099 324 05 1115 1 0 0
718 360571 1 981760 1 06 324 079 1115 1 0 0
718 360571 1 9820 1 04 324 039 1115 1 0 0
718 360571 1 991948 2 334 324 064 1115 1 0 0
718 360571 1 995188 1 125 324 044 1115 1 0 0
718 360571 1 9957 1 05 324 0 1115 1 0 0
718 360571 1 998666 2 198 324 16 1115 1 0 0
718 360571 1 998879 1 699 324 1 1115 1 0 0
718 360571 1 13188 1 15 324 029 1115 1 0 0
718 360571 1 1884 2 08 324 078 1115 1 0 0
718 360571 1 1015048 1 099 324 07 1115 1 0 0
718 360571 1 1015060 1 079 324 01 1115 1 0 0
718 360571 1 1020604 1 25 324 109 1115 1 1 0
718 360571 1 1060 1 04 324 039 1115 1 0 0
718 360571 1 1029504 1 125 324 054 1115 1 0 0
718 360571 1 10340 2 074 324 064 1115 1 0 0
718 360571 1 1030819 2 08 324 078 1115 1 0 0
718 360571 1 1031884 1 059 324 01 1115 1 0 0
718 360571 1 10380 1 2 324 029 1115 1 0 0
718 360571 1 1036325 1 099 324 03 1115 1 0 0
718 360571 1 1054644 2 378 324 0 1115 1 1 0
718 360571 1 1062966 2 198 324 24 1115 1 0 0
718 360571 1 1063594 1 279 324 12 1115 1 0 0
718 360571 1 1069788 1 189 324 0 1115 1 0 0
718 360571 1 1071939 2 198 324 06 1115 1 0 0
718 360571 1 1076571 4 5 324 096 1115 1 0 0
718 360571 1 1078652 1 2 324 129 1115 1 0 0
718 360571 1 1079223 1 125 324 054 1115 1 0 0
718 360571 1 1088835 1 05 324 049 1115 1 0 0
718 360571 1 1098694 1 25 324 099 1115 1 0 0
718 360571 1 1103808 1 999 324 07 1115 1 0 0
718 360571 1 1110793 2 08 324 038 1115 1 0 0
718 360571 1 1114050 2 138 324 0 1115 1 0 0
718 360571 1 1130666 1 321 324 1 1115 1 0 0
718 360571 1 1130716 1 119 324 02 1115 1 0 0
718 360571 1 1136199 2 138 324 04 1115 1 0 0
718 360571 1 5567633 1 2 324 149 1115 1 1 0
718 360571 1 5591784 1 499 324 15 1115 1 0 0
718 360571 1 65519 2 119 324 119 1115 1 0 0
718 360571 1 65544 1 299 324 12 1115 1 0 0
718 360571 1 7409895 1 339 324 04 1115 1 0 0
718 360571 1 7409951 1 45 324 049 1115 1 0 0
718 360571 1 7415 1 1 324 039 1115 1 0 0
718 360571 1 74102 1 1 324 039 1115 1 0 0
718 360571 1 7441844 2 109 324 0 1115 1 059 0
718 360571 1 9297177 1 2 324 129 1115 1 0 0
718 360571 1 9368449 1 205 324 049 1115 1 055 045
718 360571 1 94875 1 209 324 0 1115 1 0 0
718 360571 1 9553031 2 096 324 0 1115 1 0 0
718 360571 1 95736 1 099 324 0 1115 1 0 0
2483 92197681 1 3843566 2 5 2602 098 13 1 0 0
1617 96776017 2 981760 3 237 440 18 1220 1 0 0
240 96786121 2 6249 1 099 286 03 2155 1 0 0
240 96786121 2 10732 1 299 286 1 2155 1 0 0
1843 47215 2 10867 1 599 317 0 1911 1 0 0
1843 47215 2 7417 1 899 317 53 1911 1 0 0
2305 70743 2 3862 1 459 414 04 13 1 0 0
2305 70743 2 9610 2 944 414 0 13 1 0 0
2305 70743 2 873203 1 167 414 102 13 1 0 0
2305 70743 2 878996 1 145 414 0 13 1 0 0
2305 70743 2 883817 1 199 414 06 13 1 0 0
2305 70743 2 937210 1 2934 414 0 13 1 0 0
2305 70743 2 952981 1 05 414 049 13 1 0 0
2305 70743 2 9549 1 119 414 02 13 1 0 0
2305 70743 2 16184 1 2 414 099 13 1 0 0
2305 70743 2 1024306 1 229 414 0 13 1 0 0
2305 70743 2 1026118 1 088 414 0 13 1 0 0
2305 70743 2 10287 1 04 414 039 13 1 0 0
2305 70743 2 1028891 1 319 414 0 13 1 0 0
2305 70743 2 1029743 1 249 414 0 13 1 0 0
2305 70743 2 1029915 1 077 414 052 13 1 0 0
2305 70743 2 1035511 1 199 414 04 13 1 0 0
2305 70743 2 1043128 2 153 414 1 13 1 055 045
2305 70743 2 1044068 1 099 414 03 13 1 0 0
2305 70743 2 1046465 1 119 414 0 13 1 0 0
2305 70743 2 1051516 1 231 414 0 13 1 0 0
2305 70743 2 1056509 1 209 414 01 13 1 0 0
2305 70743 2 1077359 1 109 414 0 13 1 0 0
2305 70743 2 1077410 2 334 414 084 13 1 0 0
2305 70743 2 1078317 1 299 414 1 13 1 0 0
2305 70743 2 1096261 1 369 414 0 13 1 0 0
2305 70743 2 1101449 1 099 414 02 13 1 0 0
2305 70743 2 1102067 1 233 414 0 13 1 0 0
2305 70743 2 1109352 2 138 414 02 13 1 0 0
2305 70743 2 1116050 1 319 414 0 13 1 0 0
2305 70743 2 5978656 0 0 414 0 13 1 1 0
2305 70743 2 7441419 1 25 414 229 13 1 0 0
1916 96955143 1 6784 1 099 446 05 2355 1 0 0
1916 96955143 1 5421 1 359 446 0 2355 1 0 0
1916 96955143 1 82 1 239 446 0 2355 1 0 0
1916 96955143 1 918199 2 21 446 0 2355 1 0 0
1916 96955143 1 922 2 4 446 098 2355 1 0 0
1916 96955143 1 9236 1 249 446 0 2355 1 0 0
1916 96955143 1 923967 1 107 446 112 2355 1 0 0
1916 96955143 1 932813 1 499 446 16 2355 1 0 0
1916 96955143 1 971949 2 4 446 14 2355 1 0 0
1916 96955143 1 981944 5 2 446 095 2355 1 0 0
1916 96955143 1 18673 1 125 446 014 2355 1 0 0
1916 96955143 1 1012307 1 199 446 02 2355 1 0 0
1916 96955143 1 10286 1 25 446 069 2355 1 0 0
1916 96955143 1 10661 2 598 446 0 2355 1 0 0
1916 96955143 1 1076161 1 2 446 029 2355 1 0 0
1916 96955143 1 1097761 1 259 446 02 2355 1 0 0
1916 96955143 1 1102651 1 189 446 0 2355 1 0 0
1916 96955143 1 5979533 1 199 446 0 2355 1 0 0
1916 96955143 1 6391038 1 199 446 05 2355 1 0 0
1916 96955143 1 6463721 2 138 446 0 2355 1 0 0
1916 96955143 1 6602368 1 699 446 3 2355 1 0 0
1916 96955143 1 74662 1 299 446 0 2355 1 0 0
1916 96955143 1 80193 1 399 446 02 2355 1 0 0
1916 9698 2 869622 1 179 446 0 2213 1 0 0
1916 9698 2 876504 1 059 446 0 2213 1 0 0
1916 9698 2 10593 1 399 446 09 2213 1 0 0
1916 9698 2 1074499 1 119 446 0 2213 1 0 0
1916 9698 2 1088145 1 199 446 0 2213 1 0 0
480 97020993 2 9296977 1 9999 299 30 1556 1 0 0
480 97609 2 883404 1 099 299 03 1839 1 0 0
1 970949 2 78 2 1198 329 0 1719 1 0 0
1 970949 2 841833 1 75 329 566 1719 1 0 0
1 970949 2 8656 2 249 329 249 1719 1 0 0
1 970949 2 937657 2 428 329 0 1719 1 0 0
1 970949 2 940947 1 299 329 0 1719 1 0 0
1 970949 2 981760 3 237 329 18 1719 1 0 0
1 970949 2 9843 1 549 329 05 1719 1 0 0
1 970949 2 1063439 1 239 329 0 1719 1 0 0
1 970949 2 1105705 1 349 329 0 1719 1 0 0
1 970949 2 1126899 1 249 329 0 1719 1 0 0
1 970949 2 55777 1 799 329 0 1719 1 0 0
1 970949 2 5592348 1 2199 329 0 1719 1 0 0
1 970949 2 5978656 0 0 329 0 1719 1 2 0
1 970949 2 69794 1 167 329 032 1719 1 0 0
1 970949 2 7409944 1 269 329 03 1719 1 0 0
1 970949 2 92971 1 239 329 03 1719 1 0 0
255 97166839 2 836051 1 05 424 019 1459 1 0 0
255 97166839 2 896617 1 04 424 039 1459 1 0 0
255 97166839 2 943088 1 15 424 049 1459 1 0 0
255 97166839 2 949620 1 219 424 02 1459 1 0 0
255 97166839 2 9522 1 05 424 019 1459 1 0 0
255 97166839 2 972931 1 199 424 12 1459 1 0 0
255 97166839 2 977268 2 1 424 038 1459 1 0 0
255 97166839 2 1068719 1 149 424 05 1459 1 0 0
255 97166839 2 1096343 1 1 424 019 1459 1 0 0
255 97166839 2 11223 1 299 424 0 1459 1 0 0
255 97166839 2 6463461 1 299 424 0 1459 1 0 0
255 97166839 2 6533236 1 233 424 166 1459 1 0 0
718 97328096 2 5221 1 099 324 0 1934 1 0 0
718 97328096 2 834484 1 05 324 0 1934 1 0 0
718 97328096 2 3567 1 15 324 049 1934 1 0 0
718 97328096 2 924891 1 219 324 0 1934 1 0 0
718 97328096 2 9664 1 05 324 0 1934 1 0 0
718 97328096 2 9935 1 399 324 0 1934 1 0 0
718 97328096 2 997042 1 15 324 0 1934 1 0 0
718 97328096 2 998736 4 596 324 0 1934 1 0 0
718 97328096 2 1029743 1 249 324 0 1934 1 0 0
718 97328096 2 1034189 1 15 324 049 1934 1 0 0
718 97328096 2 1073745 1 25 324 0 1934 1 0 0
718 97328096 2 10604 1 1 324 029 1934 1 0 0
718 97328096 2 10975 1 15 324 0 1934 1 0 0
718 97328096 2 1096437 1 559 324 0 1934 1 0 0
718 97328096 2 10971 1 334 324 065 1934 1 0 0
718 97328096 2 1115187 1 259 324 0 1934 1 0 0
718 97328096 2 1126542 1 15 324 0 1934 1 0 0
718 97328096 2 55728 1 129 324 0 1934 1 0 0
718 97328096 2 50793 1 109 324 0 1934 1 0 0
718 97328096 2 5979342 1 189 324 0 1934 1 0 0
718 97328096 2 9655050 1 199 324 0 1934 1 0 0
9 97328369 2 1344 1 125 324 034 2040 1 0 0
9 97328369 2 2346 1 125 324 034 2040 1 0 0
9 97328369 2 10189 1 125 324 034 2040 1 0 0
9 97328369 2 9337729 1 125 324 034 2040 1 0 0
1617 87556 3 844165 1 134 440 025 1033 1 0 0
1617 87556 3 8305 1 1 440 0 1033 1 0 0
1617 8755998 3 899 2 4 440 398 1148 1 0 0
1617 8755998 3 9291 1 819 440 0 1148 1 0 0
1617 8755998 3 834833 3 297 440 0 1148 1 0 0
1617 8755998 3 930283 1 819 440 0 1148 1 0 0
1617 8755998 3 933067 2 5 440 298 1148 1 0 0
1617 8755998 3 9515 2 3 440 098 1148 1 0 0
1617 8755998 3 972143 1 595 440 0 1148 1 0 0
1617 8755998 3 981760 1 079 440 06 1148 1 0 0
1617 8755998 3 987237 1 025 440 0 1148 1 0 0
1617 8755998 3 9869 2 5 440 098 1148 1 0 0
1617 8755998 3 1044078 1 293 440 0 1148 1 0 0
1617 8755998 3 1059508 1 2 440 089 1148 1 0 0
1617 8755998 3 1060872 1 25 440 049 1148 1 0 0
1617 8755998 3 1096036 1 167 440 032 1148 1 0 0
1617 8755998 3 1106091 1 25 440 049 1148 1 0 0
1617 8755998 3 1110916 1 2 440 089 1148 1 0 0
1617 8755998 3 11025 2 4 440 118 1148 1 0 0
1617 8755998 3 11624 5 5 440 395 1148 1 0 0
1617 8755998 3 6919433 1 129 440 0 1148 1 0 0
2371 8801708 3 840361 1 079 317 06 1559 1 0 0
2371 8801708 3 9627 1 129 317 0 1559 1 0 0
2371 8801708 3 10341 2 3 317 098 1559 1 0 0
2371 8801708 3 10565 2 3 317 0 1559 1 0 0
2371 8801708 3 1072523 1 188 317 0 1559 1 0 0
2371 8801708 3 6039639 1 099 317 05 1559 1 0 0
2371 8801708 3 6534330 1 233 317 166 1559 1 0 0
1130 8809354 3 5568489 2 466 367 452 1528 1 0 0
1130 8809354 3 939 1 233 367 226 1528 1 0 0
347 8810686 3 8321 1 199 367 0 1710 1 0 0
347 8810686 3 916767 1 05 367 049 1710 1 0 0
347 8810686 3 973042 1 099 367 06 1710 1 0 0
347 8810686 3 979707 1 0 367 014 1710 1 0 0
347 8810686 3 997101 1 049 367 01 1710 1 0 0
347 8810686 3 999971 1 099 367 03 1710 1 0 0
347 8810686 3 1022531 1 049 367 01 1710 1 0 0
347 8810686 3 102 1 159 367 0 1710 1 0 0
347 8810686 3 10874 1 05 367 049 1710 1 0 0
347 8810686 3 1029743 1 249 367 0 1710 1 0 0
347 8810686 3 1040347 1 049 367 01 1710 1 0 0
347 8810686 3 1129461 1 049 367 01 1710 1 0 0
347 8811603 3 1043766 2 159 367 159 12 1 0 0
347 88118 3 5569471 2 466 367 452 2024 1 0 0
347 8813029 3 3775 1 499 367 12 2110 1 0 0
347 8813029 3 835715 1 1 367 049 2110 1 0 0
347 8813029 3 842614 1 23 367 323 2110 1 0 0
347 8813029 3 872062 2 498 367 0 2110 1 0 0
347 8813029 3 899624 2 296 367 302 2110 1 0 0
347 8813029 3 6017 2 198 367 0 2110 1 0 0
347 8813029 3 6740 1 599 367 1 2110 1 0 0
347 8813029 3 911401 1 2 367 099 2110 1 0 0
347 8813029 3 9137 1 099 367 1 2110 1 0 0
347 8813029 3 923746 1 119 367 04 2110 1 0 0
347 8813029 3 932675 1 2 367 049 2110 1 0 0
347 8813029 3 944486 1 3 367 0 2110 1 0 0
347 8813029 3 961554 1 169 367 0 2110 1 0 0
347 8813029 3 9922 2 2 367 0 2110 1 0 0
347 8813029 3 1020 2 404 367 134 2110 1 0 0
347 8813029 3 1028944 1 299 367 0 2110 1 0 0
347 8813029 3 1037863 2 245 367 0 2110 1 0 0
347 8813029 3 1040145 1 499 367 2 2110 1 0 0
347 8813029 3 10427 2 7 367 0 2110 1 0 0
347 8813029 3 10536 3 375 367 102 2110 1 0 0
347 8813029 3 1076875 1 134 367 025 2110 1 0 0
347 8813029 3 10767 1 269 367 0 2110 1 0 0
347 8813029 3 101 1 049 367 0 2110 1 0 0
347 8813029 3 10808 1 189 367 0 2110 1 0 0
347 8813029 3 1110409 3 1083 367 0 2110 1 0 0
347 8813029 3 1110632 1 399 367 0 2110 1 0 0
347 8813029 3 1123692 2 298 367 0 2110 1 0 0
347 8813029 3 1126456 1 25 367 049 2110 1 0 0
347 8813029 3 1126899 1 249 367 0 2110 1 0 0
347 8813029 3 1133556 1 2 367 049 2110 1 0 0
347 8813029 3 5593053 1 899 367 0 2110 1 0 0
347 8813029 3 7441424 1 399 367 0 2110 1 0 0
347 8813029 3 9487403 1 199 367 0 2110 1 0 0
347 8813029 3 9526773 1 999 367 0 2110 1 0 0
216 8817920 3 936886 1 25 4 049 1813 1 0 0
216 8817920 3 1089705 1 397 4 402 1813 1 0 0
216 8817920 3 6533936 1 233 4 166 1813 1 0 0
1913 88187 3 981760 1 079 4 06 1918 1 0 0
1913 88187 3 1044078 1 421 4 0 1918 1 0 0
1913 88187 3 9798739 1 05 4 0 1918 1 0 0
293 8831267 3 1067 1 129 296 09 1423 1 0 0
293 8831267 3 997984 1 219 296 0 1423 1 0 0
293 8831267 3 17434 1 15 296 069 1423 1 0 0
293 8831267 3 10598 1 139 296 0 1423 1 0 0
293 8831267 3 10675 1 249 296 0 1423 1 0 0
293 8831408 3 840361 1 06 296 079 1501 1 0 0
293 8831408 3 9662 1 279 296 0 1501 1 0 0
293 8831408 3 8628 1 349 296 0 1501 1 0 0
293 8831408 3 8662 1 05 296 0 1501 1 0 0
293 8831408 3 8648 1 25 296 029 1501 1 0 0
293 8831408 3 870735 1 249 296 0 1501 1 0 0
293 8831408 3 873331 1 299 296 0 1501 1 0 0
293 8831408 3 889774 1 119 296 0 1501 1 0 0
293 8831408 3 895241 1 399 296 0 1501 1 0 0
293 8831408 3 9243 1 399 296 0 1501 1 0 0
293 8831408 3 83 2 6 296 0 1501 1 0 0
293 8831408 3 914318 1 25 296 099 1501 1 0 0
293 8831408 3 916312 1 279 296 0 1501 1 0 0
293 8831408 3 923849 1 119 296 12 1501 1 0 0
293 8831408 3 923972 1 067 296 0 1501 1 0 0
293 8831408 3 9255 1 399 296 0 1501 1 0 0
293 8831408 3 930955 1 239 296 0 1501 1 0 0
293 8831408 3 945954 1 209 296 0 1501 1 0 0
293 8831408 3 9515 1 15 296 049 1501 1 0 0
293 8831408 3 952841 1 199 296 0 1501 1 0 0
293 8831408 3 975644 1 059 296 01 1501 1 0 0
293 8831408 3 9960 2 119 296 119 1501 1 0 0
293 8831408 3 9999 1 46 296 308 1501 1 0 0
293 8831408 3 987734 1 319 296 0 1501 1 0 0
293 8831408 3 1014116 1 25 296 189 1501 1 0 0
293 8831408 3 1 2 4 296 338 1501 1 0 0
293 8831408 3 1037220 1 249 296 0 1501 1 0 0
293 8831408 3 10504 1 25 296 099 1501 1 0 0
293 8831408 3 1052297 2 798 296 0 1501 1 0 0
293 8831408 3 1065507 1 099 296 03 1501 1 0 0
293 8831408 3 1076160 1 2975 296 1145 1501 1 0 0
293 8831408 3 1077373 1 279 296 1 1501 1 0 0
293 8831408 3 101 1 11 296 0 1501 1 0 0
293 8831408 3 10595 2 298 296 0 1501 1 0 0
293 8831408 3 1089306 1 2 296 049 1501 1 0 0
293 8831408 3 1089818 1 879 296 0 1501 1 0 0
293 8831408 3 10914 1 249 296 0 1501 1 0 0
293 8831408 3 1092502 2 334 296 144 1501 1 0 0
293 8831408 3 1104547 1 149 296 0 1501 1 0 0
293 8831408 3 1106523 1 249 296 0 1501 1 0 0
293 8831408 3 1110292 2 3 296 0 1501 1 0 0
293 8831408 3 11308 2 4 296 338 1501 1 0 0
293 8831408 3 1131634 1 269 296 0 1501 1 0 0
293 8831408 3 1136848 1 399 296 0 1501 1 0 0
293 8831408 3 5567553 1 15 296 049 1501 1 0 0
293 8831408 3 5569230 1 233 296 226 1501 1 0 0
293 8831408 3 5979283 1 199 296 0 1501 1 0 0
293 8831408 3 74428 1 319 296 0 1501 1 0 0
293 8831408 3 81194 1 739 296 0 1501 1 0 0
293 8831408 3 95412 1 229 296 0 1501 1 0 0
293 8831408 3 9575568 1 199 296 0 1501 1 0 0
293 8831408 3 9677513 1 399 296 0 1501 1 0 0
293 8831439 3 5468 2 1 296 078 1510 1 0 0
293 8831439 3 873380 2 198 296 0 1510 1 0 0
293 8831439 3 981760 1 079 296 06 1510 1 0 0
293 8831439 3 986394 1 055 296 0 1510 1 0 0
293 8831439 3 1013149 5 2 296 195 1510 1 0 0
293 8831439 3 107 1 249 296 0 1510 1 0 0
293 8831439 3 1079622 1 149 296 0 1510 1 0 0
293 8831439 3 1092032 1 25 296 0 1510 1 0 0
293 8831439 3 11332 1 289 296 0 1510 1 0 0
293 8831439 3 6919630 1 199 296 0 1510 1 0 0
293 8831439 3 8119302 1 2 296 069 1510 1 0 0
293 8831439 3 9419779 10 69 296 0 1510 1 0 0
293 8831439 3 97983 1 05 296 0 1510 1 0 0
293 8832359 3 910473 1 449 296 0 1818 1 0 0
293 8832359 3 978306 1 105 296 064 1818 1 0 0
293 8832359 3 11148 3 297 296 0 1818 1 0 0
293 8832359 3 10124 1 2 296 059 1818 1 0 0
293 8832359 3 1030342 1 167 296 132 1818 1 0 0
293 8832359 3 1080153 1 321 296 1 1818 1 0 0
293 8832359 3 1088683 1 25 296 149 1818 1 0 0
293 8832359 3 1092446 1 079 296 01 1818 1 0 0
293 8832359 3 1105549 1 349 296 0 1818 1 0 0
293 8832359 3 1113381 1 259 296 06 1818 1 0 0
293 8832359 3 5577022 1 2 296 169 1818 1 0 0
293 8832359 3 589 2 08 296 038 1818 1 0 0
293 8832359 3 547 1 04 296 019 1818 1 0 0
293 8832359 3 56076 2 08 296 038 1818 1 0 0
293 8832359 3 9297613 1 25 296 029 1818 1 0 0
293 88375 3 8389 1 319 296 0 1957 1 0 0
293 88375 3 915679 1 05 296 029 1957 1 0 0
293 88375 3 989935 2 178 296 26 1957 1 0 0
293 88375 3 11521 1 05 296 029 1957 1 0 0
293 88375 3 1083770 2 198 296 02 1957 1 0 0
2324 8841762 3 849202 1 899 324 0 1525 1 0 0
2324 8841762 3 868764 1 134 324 025 1525 1 0 0
2324 8841762 3 873847 1 699 324 07 1525 1 0 0
2324 8841762 3 930187 3 45 324 147 1525 1 0 0
2324 8841880 3 5541 1 116 324 0 1547 1 0 0
2324 8841880 3 8473 1 1 324 049 1547 1 0 0
2324 8841880 3 848329 1 165 324 094 1547 1 0 0
2324 8841880 3 1716 1 539 324 0 1547 1 0 0
2324 8841880 3 2864 2 119 324 119 1547 1 0 0
2324 8841880 3 889774 2 119 324 119 1547 1 0 0
2324 8841880 3 8916 1 1 324 049 1547 1 0 0
2324 8841880 3 9957 1 05 324 0 1547 1 0 0
2324 8841880 3 1038998 1 219 324 0 1547 1 0 0
2324 8841880 3 1046262 1 099 324 07 1547 1 0 0
2324 8841880 3 1056065 1 419 324 01 1547 1 0 0
2324 8841880 3 1071019 1 799 324 0 1547 1 0 0
2324 8841880 3 1106523 1 249 324 0 1547 1 0 0
2324 8841880 3 1116601 1 084 324 0 1547 1 0 0
2324 8841880 3 5571798 1 1 324 049 1547 1 0 0
2324 8841880 3 55510 1 199 324 0 1547 1 0 0
2324 8841880 3 03606 1 65 324 0 1547 1 0 0
1345 8843374 3 5994 1 332 324 0 2110 1 0 0
1345 8843374 3 42 1 377 324 0 2110 1 0 0
1345 8843374 3 6772 1 122 324 7 2110 1 0 0
1345 8843374 3 866211 1 179 324 0 2110 1 0 0
1345 8843374 3 881249 1 481 324 0 2110 1 0 0
1345 8843374 3 8986 1 2 324 099 2110 1 0 0
1345 8843374 3 4360 1 099 324 0 2110 1 0 0
1345 8843374 3 9360 2 4 324 0 2110 1 0 0
1345 8843374 3 928751 1 2 324 019 2110 1 0 0
1345 8843374 3 9515 2 3 324 098 2110 1 0 0
1345 8843374 3 977497 1 189 324 04 2110 1 0 0
1345 8843374 3 981760 1 079 324 06 2110 1 0 0
1345 8843374 3 987615 1 164 324 055 2110 1 0 0
1345 8843374 3 991397 1 359 324 0 2110 1 0 0
1345 8843374 3 992292 1 319 324 04 2110 1 0 0
1345 8843374 3 99 1 25 324 149 2110 1 0 0
1345 8843374 3 17929 1 25 324 189 2110 1 0 0
1345 8843374 3 10288 2 598 324 0 2110 1 0 0
1345 8843374 3 1029743 1 249 324 0 2110 1 0 0
1345 8843374 3 1036661 1 399 324 0 2110 1 0 0
1345 8843374 3 1054683 1 439 324 0 2110 1 0 0
1345 8843374 3 1061747 1 25 324 189 2110 1 0 0
1345 8843374 3 1081518 1 399 324 0 2110 1 0 0
1345 8843374 3 101 1 074 324 0 2110 1 0 0
1345 8843374 3 1117393 1 38 324 0 2110 1 0 0
1345 8843374 3 11308 1 2 324 169 2110 1 0 0
1345 8843374 3 1133378 1 499 324 0 2110 1 0 0
1345 8843374 3 9487497 1 2 324 019 2110 1 0 0
1345 8843374 3 9655653 1 299 324 0 2110 1 0 0
1345 8843374 3 9705665 1 719 324 0 2110 1 0 0
1016 88465 3 1464 1 099 31642 0 1436 1 0 0
1016 88465 3 830973 1 2 31642 079 1436 1 0 0
1016 88465 3 839849 6 3 31642 294 1436 1 0 0
1016 88465 3 869728 1 219 31642 04 1436 1 0 0
1016 88465 3 8743 1 299 31642 0 1436 1 0 0
1016 88465 3 917174 1 319 31642 04 1436 1 0 0
1016 88465 3 928963 1 167 31642 032 1436 1 0 0
1016 88465 3 941172 1 1 31642 445 1436 1 0 0
1016 88465 3 951412 1 111 31642 113 1436 1 0 0
1016 88465 3 973374 1 179 31642 0 1436 1 0 0
1016 88465 3 981760 1 079 31642 06 1436 1 0 0
1016 88465 3 1014603 1 749 31642 0 1436 1 0 0
1016 88465 3 1017061 3 15 31642 147 1436 1 0 0
1016 88465 3 10642 1 219 31642 0 1436 1 0 0
1016 88465 3 1077771 1 499 31642 0 1436 1 0 0
1016 88465 3 10948 1 499 31642 0 1436 1 0 0
1016 88465 3 1110624 1 319 31642 04 1436 1 0 0
1016 88465 3 1138443 1 305 31642 051 1436 1 0 0
1016 88465 3 7025125 1 399 31642 0 1436 1 0 0
1016 88465 3 7433886 1 159 31642 0 1436 1 0 0
1016 88465 3 9570409 1 377 31642 122 1436 1 0 0
2305 80617 3 840361 1 079 414 06 1210 1 0 0
2305 80617 3 8932 1 199 414 0 1210 1 0 0
2305 80617 3 4268 1 299 414 14 1210 1 0 0
2305 80617 3 8988 1 129 414 0 1210 1 0 0
2305 80617 3 915174 2 598 414 28 1210 1 0 0
2305 80617 3 9358 1 037 414 032 1210 1 0 0
2305 80617 3 977654 1 599 414 07 1210 1 0 0
2305 80617 3 980 1 25 414 049 1210 1 0 0
2305 80617 3 1064254 1 299 414 14 1210 1 0 0
2305 80617 3 1079622 1 149 414 0 1210 1 0 0
2305 80617 3 101 1 056 414 0 1210 1 0 0
2305 80617 3 10861 1 379 414 0 1210 1 0 0
2305 80617 3 1097280 1 319 414 0 1210 1 0 0
2305 80617 3 1104353 1 199 414 0 1210 1 0 0
122 859 3 6514251 3 425 330 187 1156 1 225 075
1238 8911488 3 8867 1 139 3 0 1421 1 0 0
1238 8911488 3 9323 1 364 3 0 1421 1 0 0
1238 8911488 3 833025 1 1 3 049 1421 1 0 0
1238 8911488 3 97 1 139 3 08 1421 1 0 0
1238 8911488 3 864063 1 069 3 0 1421 1 0 0
1238 8911488 3 879922 1 556 3 0 1421 1 0 0
1238 8911488 3 888996 1 15 3 029 1421 1 0 0
1238 8911488 3 891961 1 396 3 0 1421 1 0 0
1238 8911488 3 4360 1 099 3 0 1421 1 0 0
1238 8911488 3 913623 2 118 3 04 1421 1 0 0
1238 8911488 3 935126 1 219 3 0 1421 1 0 0
1238 8911488 3 945357 1 129 3 0 1421 1 0 0
1238 8911488 3 948650 1 604 3 0 1421 1 0 0
1238 8911488 3 951197 1 167 3 072 1421 1 0 0
1238 8911488 3 976199 1 25 3 109 1421 1 0 0
1238 8911488 3 983050 1 189 3 0 1421 1 0 0
1238 8911488 3 987562 2 334 3 204 1421 1 0 0
1238 8911488 3 14 2 5 3 098 1421 1 0 0
1238 8911488 3 1029743 1 249 3 0 1421 1 0 0
1238 8911488 3 1035321 1 1252 3 314 1421 1 0 0
1238 8911488 3 1035386 1 125 3 054 1421 1 0 0
1238 8911488 3 1047651 1 304 3 113 1421 1 0 0
1238 8911488 3 1062117 1 25 3 019 1421 1 0 0
1238 8911488 3 1066461 1 702 3 564 1421 1 0 0
1238 8911488 3 1068343 1 179 3 12 1421 1 0 0
1238 8911488 3 1077555 1 1 3 059 1421 1 0 0
1238 8911488 3 1079987 1 383 3 096 1421 1 0 0
1238 8911488 3 1095032 1 079 3 03 1421 1 0 0
1238 8911488 3 10979 2 198 3 0 1421 1 0 0
1238 8911488 3 1106091 1 25 3 049 1421 1 0 0
1238 8911488 3 1113780 1 2 3 049 1421 1 0 0
1238 8911488 3 11300 1 099 3 06 1421 1 0 0
1238 8911488 3 5567601 1 2 3 169 1421 1 0 0
1238 8911488 3 5578643 2 08 3 038 1421 1 0 0
1238 8911488 3 541 2 08 3 038 1421 1 0 0
1238 8911488 3 5591746 1 044 3 0 1421 1 0 0
1238 8911488 3 6979801 1 299 3 08 1421 1 0 0
1238 8911488 3 9570409 1 377 3 122 1421 1 0 0
18 89287 3 873963 1 529 442 06 1238 1 0 0
18 89287 3 921406 1 299 442 0 1238 1 0 0
18 89287 3 1042171 1 899 442 2 1238 1 0 0
18 89287 3 1076097 1 119 442 04 1238 1 0 0
1377 89395 3 2667 1 159 323 0 2019 1 0 0
1377 89395 3 5541 1 146 323 0 2019 1 0 0
1377 89395 3 844165 1 134 323 025 2019 1 0 0
1377 89395 3 6128 1 099 323 07 2019 1 0 0
1377 89395 3 8632 2 25 323 068 2019 1 0 0
1377 89395 3 878996 1 32 323 0 2019 1 0 0
1377 89395 3 887984 1 2 323 099 2019 1 0 0
1377 89395 3 916381 1 125 323 034 2019 1 0 0
1377 89395 3 919423 1 45 323 149 2019 1 0 0
1377 89395 3 923972 1 067 323 0 2019 1 0 0
1377 89395 3 925652 2 109 323 0 2019 1 0 0
1377 89395 3 932298 1 125 323 014 2019 1 0 0
1377 89395 3 961554 1 169 323 0 2019 1 0 0
1377 89395 3 961772 1 099 323 05 2019 1 0 0
1377 89395 3 15493 1 161 323 0 2019 1 0 0
1377 89395 3 1024306 1 229 323 0 2019 1 0 0
1377 89395 3 1028944 1 299 323 0 2019 1 0 0
1377 89395 3 1043128 1 099 323 05 2019 1 0 0
1377 89395 3 10536 2 25 323 068 2019 1 0 0
1377 89395 3 1055646 1 099 323 0 2019 1 0 0
1377 89395 3 101 1 175 323 0 2019 1 0 0
1377 89395 3 1096635 1 279 323 12 2019 1 0 0
1377 89395 3 1102959 1 149 323 0 2019 1 0 0
1377 89395 3 1116601 1 189 323 0 2019 1 0 0
1377 89395 3 1129442 1 399 323 0 2019 1 0 0
1377 89395 3 6463742 1 379 323 02 2019 1 0 0
1377 89395 3 7432861 1 596 323 0 2019 1 0 0
1377 89395 3 9396770 1 133 323 026 2019 1 0 0
1377 89395 3 9798739 2 1 323 0 2019 1 0 0
1377 89395 3 97983 2 1 323 0 2019 1 0 0
1377 89395 3 99494 1 149 323 0 2019 1 0 0
2105 89474 2 8683 1 219 446 08 2259 1 0 0
2105 89474 2 896369 1 159 446 04 2259 1 0 0
2105 89474 2 897413 2 1 446 0 2259 1 0 0
2105 89474 2 9349 1 1 446 069 2259 1 0 0
2105 89474 2 923746 1 119 446 04 2259 1 0 0
2105 89474 2 941769 1 389 446 07 2259 1 0 0
2105 89474 2 951703 1 079 446 0 2259 1 0 0
2105 89474 2 965701 1 119 446 01 2259 1 0 0
2105 89474 2 973476 1 139 446 06 2259 1 0 0
2105 89474 2 999971 2 198 446 06 2259 1 0 0
2105 89474 2 10970 1 129 446 0 2259 1 0 0
2105 89474 2 1024248 2 078 446 0 2259 1 0 0
2105 89474 2 1029743 1 249 446 0 2259 1 0 0
2105 89474 2 1055283 2 1 446 0 2259 1 0 0
2105 89474 2 1071939 1 099 446 03 2259 1 0 0
2105 89474 2 1078652 1 2 446 129 2259 1 0 0
2105 89474 2 1094188 1 2 446 099 2259 1 0 0
2105 89474 2 1106523 1 249 446 0 2259 1 0 0
2105 89474 2 1110689 1 2 446 0 2259 1 0 0
2105 89474 2 11232 1 163 446 086 2259 1 0 0
2105 89474 2 11338 1 129 446 0 2259 1 0 0
2105 89474 2 1134810 2 55 446 228 2259 1 0 0
2105 89474 2 5566809 1 199 446 08 2259 1 0 0
2105 89474 2 5566956 1 199 446 08 2259 1 0 0
2105 89474 2 5568860 1 199 446 08 2259 1 0 0
2105 89474 2 9420312 1 099 446 0 2259 1 0 0
315 8952267 3 957951 0 0 3 0 1707 1 0 0
315 8952267 3 1012941 1 155 3 089 1707 1 055 045
315 8952267 3 1022053 2 4 3 098 1707 1 0 0
315 8952267 3 1026118 1 1 3 0 1707 1 0 0
315 8952267 3 1028816 4 486 3 03 1707 1 0 0
315 8952267 3 1104834 1 15 3 149 1707 1 0 0
315 8952267 3 952 2 3 3 298 1707 1 0 0
315 8952287 3 10604 1 1 3 029 1712 1 0 0
315 8952287 3 5565425 1 699 3 0 1712 1 0 0
1287 8972386 3 6128 1 099 396 07 1804 1 0 0
1287 8972386 3 991139 4 2 396 0 1804 1 0 0
1287 8972386 3 1014116 1 25 396 189 1804 1 0 0
1287 8972386 3 1105108 1 079 396 05 1804 1 0 0
1287 8972386 3 1122115 1 189 396 0 1804 1 0 0
1287 8972386 3 757 2 198 396 0 1804 1 0 0
1287 89724 3 0165 1 04 396 0 1806 1 0 0
1287 89724 3 8662 2 1 396 0 1806 1 0 0
1287 89724 3 893039 1 149 396 0 1806 1 0 0
1287 89724 3 94 1 139 396 0 1806 1 0 0
1287 89724 3 943116 1 229 396 0 1806 1 0 0
1287 89724 3 944622 2 3 396 138 1806 1 0 0
1287 89724 3 981760 1 079 396 06 1806 1 0 0
1287 89724 3 989935 1 089 396 13 1806 1 0 0
1287 89724 3 991139 2 1 396 0 1806 1 0 0
1287 89724 3 993352 1 199 396 0 1806 1 0 0
1287 89724 3 10607 1 259 396 06 1806 1 0 0
1287 89724 3 101 1 061 396 0 1806 1 0 0
1287 89724 3 10814 1 249 396 0 1806 1 0 0
1287 89724 3 11265 1 229 396 07 1806 1 0 0
1289 8999539 3 6978916 1 1399 406 0 1928 1 0 0
480 10170 3 5731 1 25 299 029 09 1 0 0
480 10170 3 9263 1 349 299 0 09 1 0 0
480 10170 3 8648 1 25 299 029 09 1 0 0
480 10170 3 878634 1 199 299 0 09 1 0 0
480 10170 3 9235 1 189 299 0 09 1 0 0
480 10170 3 946660 1 788 299 0 09 1 0 0
480 10170 3 693 1 2 299 079 09 1 0 0
480 10170 3 976998 1 059 299 02 09 1 0 0
480 10170 3 999965 1 339 299 0 09 1 0 0
480 10170 3 11745 1 2 299 099 09 1 0 0
480 10170 3 10128 2 278 299 0 09 1 0 0
480 10170 3 1040701 1 2 299 099 09 1 0 0
480 10170 3 1070559 1 3 299 079 09 1 0 0
480 10170 3 10803 2 5 299 298 09 1 0 0
480 10170 3 101 1 069 299 0 09 1 0 0
480 10170 3 1086063 1 289 299 0 09 1 0 0
480 10170 3 1098167 1 3 299 099 09 1 0 0
480 10170 3 1112238 1 365 299 0 09 1 0 0
480 10170 3 1131497 1 2 299 079 09 1 0 0
480 10170 3 5569374 1 233 299 226 09 1 0 0
480 10170 3 6534201 1 233 299 226 09 1 0 0
480 10170 3 8177622 1 233 299 226 09 1 0 0
480 10170 3 9570409 1 377 299 122 09 1 0 0
2095 37220 3 938764 1 099 292 0 1617 1 0 0
2095 37220 3 944486 1 172 292 0 1617 1 0 0
2095 37220 3 1032156 1 135 292 0 1617 1 0 0
2192 45265 3 941910 1 569 401 0 0831 1 0 0
2192 45265 3 970792 1 05 401 049 0831 1 0 0
2192 45265 3 1028816 5 615 401 03 0831 1 0 0
2192 45265 3 1065538 1 1599 401 0 0831 1 0 0
2192 45265 3 10884 1 288 401 0 0831 1 0 0
2192 45265 3 1104831 1 299 401 05 0831 1 0 0
2192 45265 3 5566550 1 275 401 054 0831 1 0 0
2192 45265 3 63961 1 119 401 02 0831 1 0 0
2192 45265 3 7440848 1 2999 401 0 0831 1 0 0
593 65728 3 846241 2 154 3 104 1040 1 0 0
593 65728 3 866140 2 1 3 098 1040 1 0 0
593 65728 3 1034686 3 5 3 307 1040 1 0 0
593 65728 3 10592 1 369 3 1 1040 1 0 0
593 65728 3 1070661 1 069 3 04 1040 1 0 0
593 65728 3 1106523 1 249 3 0 1040 1 0 0
2110 349 3 9263 1 248 375 101 1547 1 0 0
2110 349 3 837963 1 0 375 0 1547 1 0 0
2110 349 3 866211 1 173 375 0 1547 1 0 0
2110 349 3 876660 1 229 375 0 1547 1 0 0
2110 349 3 881615 2 278 375 12 1547 1 0 0
2110 349 3 8833 1 329 375 055 1547 1 0 0
2110 349 3 924691 1 129 375 03 1547 1 0 0
2110 349 3 979707 1 08 375 02 1547 1 0 0
2110 349 3 984715 1 1 375 069 1547 1 0 0
2110 349 3 10751 1 699 375 0 1547 1 0 0
2110 349 3 1109762 1 089 375 0 1547 1 0 0
2110 349 3 11831 1 299 375 0 1547 1 0 0
2110 349 3 11371 1 245 375 049 1547 1 0 0
2110 349 3 1138467 1 2 375 059 1547 1 0 0
2110 349 3 5569374 1 233 375 226 1547 1 0 0
2110 349 3 5569471 1 233 375 226 1547 1 0 0
2110 349 3 6534030 1 233 375 166 1547 1 0 0
2110 349 3 74071 1 229 375 04 1547 1 0 0
2110 349 3 9677551 1 369 375 0 1547 1 0 0
2110 349 3 96776 1 369 375 0 1547 1 0 0
2362 91071 3 833307 2 598 436 2 1959 1 0 0
2362 91071 3 843496 1 279 436 06 1959 1 0 0
2362 91071 3 844462 1 1199 436 0 1959 1 0 0
2362 91071 3 8494 1 4 436 119 1959 1 0 0
2362 91071 3 8839 2 118 436 018 1959 1 0 0
2362 91071 3 889670 1 2 436 099 1959 1 0 0
2362 91071 3 972 2 5 436 098 1959 1 0 0
2362 91071 3 6202 2 5 436 138 1959 1 0 0
2362 91071 3 6636 1 2 436 099 1959 1 0 0
2362 91071 3 929614 2 118 436 018 1959 1 0 0
2362 91071 3 953884 1 249 436 0 1959 1 0 0
2362 91071 3 971431 1 299 436 0 1959 1 0 0
2362 91071 3 974029 1 25 436 049 1959 1 0 0
2362 91071 3 977928 2 118 436 018 1959 1 0 0
2362 91071 3 14596 1 4 436 119 1959 1 0 0
2362 91071 3 1029743 1 269 436 0 1959 1 0 0
2362 91071 3 1047441 2 1138 436 0 1959 1 0 0
2362 91071 3 10595 1 169 436 0 1959 1 0 0
2362 91071 3 10741 1 125 436 014 1959 1 0 0
2362 91071 3 1093 1 159 436 0 1959 1 0 0
2362 91071 3 1105938 1 449 436 05 1959 1 0 0
2362 91071 3 1121384 1 319 436 08 1959 1 0 0
2362 91071 3 11211 1 499 436 0 1959 1 0 0
2362 91071 3 11223 1 299 436 0 1959 1 0 0
2362 91071 3 7147317 2 599 436 599 1959 1 0 0
2362 91071 3 7466934 1 299 436 0 1959 1 0 0
2362 91071 3 8019642 1 219 436 0 1959 1 0 0
2362 91071 3 8069226 1 1499 436 0 1959 1 0 0
2362 91071 3 9297154 1 179 436 02 1959 1 0 0
2362 91071 3 9297461 2 698 436 0 1959 1 0 0
2362 91071 3 95469 1 699 436 1 1959 1 0 0
2044 9148326 3 948468 1 349 333 0 1656 1 0 0
2044 9148326 3 993411 1 055 333 0 1656 1 0 0
2044 9148326 3 101 1 038 333 0 1656 1 0 0
2044 9148326 3 6534872 3 357 333 09 1656 1 0 0
2336 9172126 3 4414 1 399 359 098 1708 1 0 0
2336 9172126 3 1089954 1 299 359 0 1708 1 0 0
924 9177 3 6842 1 219 4 0 1459 1 0 0
924 9177 3 9259 1 299 4 0 1459 1 0 0
924 9177 3 8692 1 25 4 029 1459 1 0 0
924 9177 3 869622 1 179 4 0 1459 1 0 0
924 9177 3 883404 1 099 4 03 1459 1 0 0
924 9177 3 895063 1 149 4 0 1459 1 0 0
924 9177 3 896369 1 159 4 04 1459 1 0 0
924 9177 3 915 1 269 4 0 1459 1 0 0
924 9177 3 995242 1 199 4 0 1459 1 0 0
924 9177 3 14436 1 799 4 0 1459 1 0 0
924 9177 3 1074594 1 199 4 0 1459 1 0 0
924 9177 3 1131488 1 319 4 08 1459 1 0 0
924 9177 3 5591038 2 1 4 0 1459 1 0 0
924 9177 3 7442978 1 199 4 0 1459 1 0 0
924 9177 3 80537 1 459 4 0 1459 1 0 0
924 9177 3 9420312 1 099 4 0 1459 1 0 0
432 91101 3 992202 1 249 391 0 1210 1 0 0
432 91101 3 1038024 1 288 391 0 1210 1 0 0
432 91101 3 6463897 1 399 391 0 1210 1 0 0
1116 9291840 3 4915 1 134 345 065 1446 1 0 0
1116 9291840 3 848015 10 6 345 09 1446 1 0 0
1116 9291840 3 943233 1 109 345 0 1446 1 0 0
1116 9291840 3 952317 1 1 345 019 1446 1 0 0
1116 9291840 3 965766 2 438 345 0 1446 1 0 0
1116 9291840 3 417 9 3 345 231 1446 1 0 0
1116 9291840 3 9493 1 103 345 016 1446 1 0 0
1116 9291840 3 9265 3 375 345 252 1446 1 0 0
1116 9291840 3 9875 10 2 345 049 1446 1 0 0
1116 9291840 3 1015141 1 129 345 0 1446 1 0 0
1116 9291840 3 1029743 2 464 345 0 1446 1 0 0
1116 9291840 3 1106301 3 567 345 0 1446 1 0 0
1116 9291840 3 80509 1 459 345 0 1446 1 0 0
304 9301476 2 868764 1 133 322 026 1738 1 0 0
304 9301476 2 8736 2 3 322 098 1738 1 0 0
304 9301476 2 899637 1 134 322 025 1738 1 0 0
304 9301476 2 972 1 25 322 049 1738 1 0 0
304 9301476 2 9498 1 617 322 103 1738 1 0 0
304 9301476 2 9386 1 167 322 132 1738 1 0 0
304 9301476 2 992814 1 15 322 149 1738 1 0 0
304 9301476 2 999714 1 189 322 03 1738 1 0 0
304 9301476 2 1028995 1 411 322 103 1738 1 0 0
304 9301476 2 1029743 1 232 322 0 1738 1 0 0
304 9301476 2 1101010 1 1 322 0 1738 1 0 0
304 9301476 2 55510 1 199 322 0 1738 1 0 0
304 9301476 2 5592931 1 148 322 0 1738 1 0 0
304 9301476 2 6463717 1 25 322 229 1738 1 0 0
304 9301476 2 95066 1 15 322 149 1738 1 0 0
304 9304297 3 892264 1 099 322 02 1839 1 0 0
304 9304297 3 9972 1 05 322 049 1839 1 0 0
304 9304297 3 1061339 1 05 322 049 1839 1 0 0
304 9304297 3 1113889 1 449 322 0 1839 1 0 0
304 9304297 3 9396673 1 459 322 0 1839 1 0 0
1629 056606 3 1744220 1 3 634 088 13 1 0 0
1629 056606 3 1757488 2 2 634 078 13 1 0 0
1629 056606 3 17837 1 1 634 019 13 1 0 0
1629 056606 3 1849775 1 269 634 0 13 1 0 0
1629 056606 3 18617 1 249 634 25 13 1 0 0
1629 056606 3 1872970 1 388 634 0 13 1 0 0
1629 056606 3 18615 1 089 634 0 13 1 0 0
1629 056606 3 19479 1 2 634 122 13 1 0 0
1629 056606 3 19 1 3 634 0 13 1 0 0
1629 056606 3 19620 1 318 634 0 13 1 0 0
1629 056606 3 1981189 1 689 634 0 13 1 0 0
1629 056606 3 27534 1 299 634 05 13 1 0 0
1629 056606 3 2017333 1 299 634 0 13 1 0 0
1629 056606 3 2019966 1 099 634 08 13 1 0 0
1629 056606 3 2035628 1 129 634 0 13 1 0 0
1629 056606 3 2062208 1 318 634 0 13 1 0 0
1629 056606 3 2076030 1 339 634 0 13 1 0 0
1629 056606 3 5695430 1 329 634 0 13 1 0 0
1629 056606 3 5999609 1 359 634 0 13 1 0 0
1629 056606 3 8183452 1 629 634 0 13 1 0 0
1629 056606 3 92998 1 299 634 0 13 1 0 0
29 02069 3 637917 1 083  056 2238 1 0 0
347 0209525 4 8370 1 514 367 0 1217 1 0 0
347 0209525 4 840361 4 316 367 24 1217 1 0 0
347 0209525 4 860776 3 177 367 0 1217 1 0 0
347 0209525 4 887219 1 169 367 0 1217 1 0 0
347 0209525 4 9141 4 396 367 4 1217 1 0 0
347 0209525 4 952337 1 129 367 0 1217 1 0 0
347 0209525 4 963024 2 398 367 0 1217 1 0 0
347 0209525 4 963880 3 2397 367 0 1217 1 0 0
347 0209525 4 1067239 1 559 367 0 1217 1 0 0
347 0209525 4 1070330 3 897 367 0 1217 1 0 0
347 0209525 4 1095595 1 649 367 0 1217 1 0 0
347 0209525 4 1101956 1 149 367 0 1217 1 0 0
347 0209525 4 1110632 1 399 367 0 1217 1 0 0
347 0209525 4 1115616 3 45 367 147 1217 1 0 0
347 0209525 4 03609 1 1228 367 615 1217 1 0 0
347 0209525 4 03764 1 565 367 0 1217 1 0 0
14 0209597 4 892143 1 299 367 0 9 1 0 0
14 0209597 4 4493 1 3 367 039 9 1 0 0
14 0209597 4 954495 1 3 367 039 9 1 0 0
14 0209597 4 972511 1 1366 367 304 9 1 0 0
14 0209597 4 981760 1 079 367 06 9 1 0 0
14 0209597 4 6533681 1 233 367 166 9 1 0 0
14 0209597 4 6534077 1 233 367 166 9 1 0 0
14 0209597 4 80537 1 459 367 0 9 1 0 0
293 0209708 4 961803 1 1 296 049 1942 1 0 0
293 0209708 4 6391557 1 25 296 229 1942 1 0 0
293 0209708 4 951 1 25 296 229 1942 1 0 0
1345 02098 4 4180 1 319 324 0 1741 1 0 0
1345 02098 4 9360 2 4 324 0 1741 1 0 0
1345 02098 4 10536 1 125 324 034 1741 1 0 0
343 020989102 4 2486 2 198 324 14 2031 1 0 0
343 020989102 4 1015177 2 198 324 04 2031 1 0 0
343 020989102 4 1112941 2 1 324 138 2031 1 0 0
343 020989102 4 1134398 1 299 324 0 2031 1 0 0
34 016160 4 981760 2 1 295 12 1501 1 0 0
1929 015 4 2348 1 299 441 0 1755 1 0 0
1929 015 4 5541 1 097 441 0 1755 1 0 0
1929 015 4 834484 2 1 441 0 1755 1 0 0
1929 015 4 834516 1 239 441 0 1755 1 0 0
1929 015 4 834808 1 341 441 0 1755 1 0 0
1929 015 4 839656 1 299 441 0 1755 1 0 0
1929 015 4 841025 1 179 441 02 1755 1 0 0
1929 015 4 860776 2 118 441 0 1755 1 0 0
1929 015 4 877226 1 169 441 01 1755 1 0 0
1929 015 4 8108 1 079 441 02 1755 1 0 0
1929 015 4 8960 2 418 441 02 1755 1 0 0
1929 015 4 898068 1 269 441 0 1755 1 0 0
1929 015 4 1523 3 5 441 037 1755 1 0 0
1929 015 4 943393 1 139 441 0 1755 1 0 0
1929 015 4 945294 1 2 441 099 1755 1 0 0
1929 015 4 9515 2 3 441 098 1755 1 0 0
1929 015 4 953992 1 25 441 169 1755 1 0 0
1929 015 4 969463 1 099 441 0 1755 1 0 0
1929 015 4 971195 1 084 441 065 1755 1 0 0
1929 015 4 976998 2 118 441 04 1755 1 0 0
1929 015 4 981760 2 1 441 12 1755 1 0 0
1929 015 4 994637 1 139 441 0 1755 1 0 0
1929 015 4 998119 1 25 441 079 1755 1 0 0
1929 015 4 146 1 139 441 06 1755 1 0 0
1929 015 4 16062 1 079 441 04 1755 1 0 0
1929 015 4 1024731 1 2 441 039 1755 1 0 0
1929 015 4 10411 1 2 441 099 1755 1 0 0
1929 015 4 1071556 1 4 441 207 1755 1 0 0
1929 015 4 1075637 1 099 441 05 1755 1 0 0
1929 015 4 10454 1 229 441 0 1755 1 0 0
1929 015 4 1092424 1 069 441 0 1755 1 0 0
1929 015 4 11975 1 1 441 029 1755 1 0 0
1929 015 4 1106523 1 249 441 0 1755 1 0 0
1929 015 4 1115711 1 719 441 0 1755 1 0 0
1929 015 4 1121384 1 319 441 08 1755 1 0 0
1929 015 4 6463752 1 25 441 229 1755 1 0 0
1929 015 4 6632301 1 099 441 0 1755 1 0 0
1929 015 4 95066 1 15 441 149 1755 1 0 0
1173 028944 4 1079622 1 149 412 0 1536 1 0 0
1173 028944 4 9655461 1 199 412 0 1536 1 0 0
122 051237 4 10548 1 399 330 0 1230 1 0 0
122 051237 4 1117860 2 318 330 06 1230 1 0 0
122 051237 4 1130777 1 149 330 0 1230 1 0 0
122 051237 4 9655607 1 499 330 0 1230 1 0 0
8 060995 4 1976 1 2 3 069 1231 1 0 0
8 060995 4 7662 1 2 3 069 1231 1 0 0
8 060995 4 9409 1 099 3 03 1231 1 0 0
8 060995 4 170 1 2 3 069 1231 1 0 0
8 060995 4 1010440 1 2 3 069 1231 1 0 0
8 060995 4 1115360 2 178 3 1 1231 1 11 0
8 060995 4 1138189 1 129 3 0 1231 1 0 0
568 0186 4 1037840 1 304 446 0 32 1 0 0
568 0186 4 132 1 399 446 0 32 1 0 0
568 0186 4 6548453 2 5 446 298 32 1 0 0
568 0189 4 834484 1 05 446 0 35 1 0 0
568 0189 4 3095 1 089 446 0 35 1 0 0
568 0189 4 7503 1 298 446 0 35 1 0 0
568 0189 4 866328 1 199 446 0 35 1 0 0
568 0189 4 8723 1 2 446 099 35 1 0 0
568 0189 4 894103 2 459 446 459 35 1 0 0
568 0189 4 9112 1 079 446 0 35 1 0 0
568 0189 4 6226 1 109 446 05 35 1 0 0
568 0189 4 913598 1 099 446 0 35 1 0 0
568 0189 4 915679 1 05 446 029 35 1 0 0
568 0189 4 918335 1 167 446 102 35 1 0 0
568 0189 4 951412 1 0 446 148 35 1 0 0
568 0189 4 146 1 139 446 06 35 1 0 0
568 0189 4 160 1 239 446 0 35 1 0 0
568 0189 4 1041259 1 086 446 0 35 1 0 0
