2374 841472 1 146 1 132 364 06 1631 1 0 0
2374 841472 1 1033142 1 0 364 0 1631 1 0 0
2374 841472 1 1036324 1 322 364 03 1631 1 0 0
2374 841472 1 101 1 121 364 0 1631 1 0 0
2374 841472 1 8160430 1 14 364 032 1631 1 0 0
2374 841416 1 6242 2 128 364 06 1642 1 0 0
2374 841416 1 1043142 1 147 364 068 1642 1 0 0
2374 841416 1 13283 1 222 364 04 1642 1 0 0
2374 841416 1 1102641 1 182 364 0 1642 1 0 0
2374 841416 1 6423774 1 2 364 072 1642 1 0 0
2374 841416 1 2487832 1 2 364 072 1642 1 0 0
1364 84826261 1 842230 1 212 31742 0 1420 1 0 0
1364 84826261 1 827044 1 222 31742 04 1420 1 0 0
1364 84826261 1 223244 1 332 31742 0 1420 1 0 0
1364 84826261 1 237406 1 24 31742 322 1420 1 0 0
1364 84826261 1 281760 1 06 31742 072 1420 1 0 0
1130 844272 1 833714 2 034 31642 032 1340 1 0 0
1130 844272 1 866240 2 034 31642 032 1340 1 0 0
1130 844272 1 1022843 2 034 31642 032 1340 1 0 0
1130 844272 1 1048462 1 112 31642 08 1340 1 0 0
1130 844272 1 1071333 2 034 31642 032 1340 1 0 0
1173 84244244 1 4322 2 128 412 0 2042 1 0 0
1173 84244244 1 223272 1 067 412 0 2042 1 0 0
1173 84244244 1 1131341 1 088 412 0 2042 1 0 0
28 84241762 1 878302 3 32 337 0 1237 1 0 0
28 84241762 1 264138 2 3 337 8 1237 1 0 0
28 84241762 1 2211 1 124 337 034 1237 1 0 0
28 84241762 1 101 1 032 337 0 1237 1 0 0
28 84241762 1 1087347 1 024 337 0 1237 1 0 0
1172 024264 1 877180 1 222 326 0 3246 1 0 0
1172 024264 1 878664 1 2 326 322 3246 1 0 0
1172 024264 1 233217 2 2 326 078 3246 1 0 0
1172 024264 1 240726 1 342 326 0 3246 1 0 0
1172 024264 1 281760 1 072 326 06 3246 1 0 0
1172 024264 1 222271 1 322 326 03 3246 1 0 0
1172 024264 1 10423 1 444 326 082 3246 1 0 0
1172 024264 1 1044220 2 2 326 078 3246 1 0 0
1172 024264 1 1068712 1 142 326 04 3246 1 0 0
1172 024264 1 1073324 1 342 326 0 3246 1 0 0
1172 024264 1 1074214 1 422 326 3 3246 1 0 0
1172 024264 1 1106423 1 14 326 0 3246 1 0 0
1172 024264 1 1107443 1 1 326 022 3246 1 0 0
1172 024264 1 4462230 1 233 326 226 3246 1 0 0
1172 024264 1 41334 1 372 326 04 3246 1 0 0
1172 024264 1 7167270 1 322 326 1 3246 1 0 0
1172 024264 1 8347687 1 3 326 322 3246 1 0 0
1060 040734 1 0162 1 172 314 0 1241 1 0 0
1060 040734 1 8646 1 374 314 0 1241 1 0 0
1060 040734 1 2617 1 142 314 04 1241 1 0 0
1060 040734 1 833014 1 272 314 02 1241 1 0 0
1060 040734 1 833428 1 22 314 044 1241 1 0 0
1060 040734 1 846440 1 172 314 0 1241 1 0 0
1060 040734 1 42 1 148 314 0 1241 1 0 0
1060 040734 1 864428 1 422 314 0 1241 1 0 0
1060 040734 1 8642 1 368 314 0 1241 1 0 0
1060 040734 1 873222 1 262 314 03 1241 1 0 0
1060 040734 1 873178 2 128 314 04 1241 1 0 0
1060 040734 1 823722 1 24 314 062 1241 1 0 0
1060 040734 1 827306 1 167 314 032 1241 1 0 0
1060 040734 1 8226 1 222 314 02 1241 1 0 0
1060 040734 1 4360 1 322 314 0 1241 1 0 0
1060 040734 1 218086 1 081 314 8 1241 1 0 0
1060 040734 1 224804 1 112 314 12 1241 1 0 0
1060 040734 1 222730 1 242 314 0 1241 1 0 0
1060 040734 1 243222 1 472 314 0 1241 1 0 0
1060 040734 1 2408 1 424 314 0 1241 1 0 0
1060 040734 1 2421 2 278 314 0 1241 1 0 0
1060 040734 1 2414 2 3 314 328 1241 1 0 0
1060 040734 1 264773 2 438 314 0 1241 1 0 0
1060 040734 1 24 1 082 314 0 1241 1 0 0
1060 040734 1 222246 1 124 314 134 1241 1 0 0
1060 040734 1 1602 1 322 314 0 1241 1 0 0
1060 040734 1 1012382 1 182 314 0 1241 1 0 0
1060 040734 1 1416 1 242 314 0 1241 1 0 0
1060 040734 1 1028243 1 424 314 0 1241 1 0 0
1060 040734 1 1032466 1 1 314 0 1241 1 0 0
1060 040734 1 1043301 1 061 314 0 1241 1 0 0
1060 040734 1 1040222 1 068 314  1241 1 0 0
1060 040734 1 10788 1 422 314 1 1241 1 0 0
1060 040734 1 1081182 1 116 314 013 1241 1 0 0
1060 040734 1 101 1 084 314 0 1241 1 0 0
1060 040734 1 1322 2 244 314 0 1241 1 0 0
1060 040734 1 1326743 1 222 314 0 1241 1 0 0
1060 040734 1 1173 2 334 314 164 1241 1 0 0
1060 040734 1 1118 1 342 314 04 1241 1 0 0
1060 040734 1 1110764 1 167 314 032 1241 1 0 0
1060 040734 1 1122432 1 372 314 0 1241 1 0 0
1060 040734 1 1126808 1 274 314 024 1241 1 0 0
1060 040734 1 1128333 1 416 314 118 1241 1 0 0
1060 040734 1 1131488 1 312 314 08 1241 1 0 0
1060 040734 1 4466716 2 466 314 442 1241 1 0 0
1060 040734 1 4462230 1 233 314 226 1241 1 0 0
1060 040734 1 80421 1 442 314 0 1241 1 0 0
1060 040734 1 747 1 322 314 0 1241 1 0 0
1060 040734 1 2487421 1 622 314 0 1241 1 0 0
1060 040734 1 2443288 1 842 314 0 1241 1 0 0
1341 042372 1 3230 1 322 447 03 1244 1 0 0
744 164432 1 4278648 0 0 312 0 1112 1 0 0
212 2086 1 2346 1 124 288 034 1341 1 0 0
212 2086 1 830887 1 222 288 07 1341 1 0 0
212 2086 1 866211 1 27 288 0 1341 1 0 0
212 2086 1 866418 3 14 288 0 1341 1 0 0
212 2086 1 862477 1 167 288 042 1341 1 0 0
212 2086 1 8222 1 172 288 0 1341 1 0 0
212 2086 1 827124 1 2 288 082 1341 1 0 0
212 2086 1 828068 1 262 288 0 1341 1 0 0
212 2086 1 4360 1 322 288 0 1341 1 0 0
212 2086 1 2167 1 322 288 14 1341 1 0 0
212 2086 1 237470 2 128 288 0 1341 1 0 0
212 2086 1 244246 1 222 288 0 1341 1 0 0
212 2086 1 2211 1 124 288 034 1341 1 0 0
212 2086 1 18172 1 2322 288 0 1341 1 0 0
212 2086 1 1036324 1 322 288 03 1341 1 0 0
212 2086 1 1041726 1 2 288 132 1341 1 0 0
212 2086 1 101 1 064 288 0 1341 1 0 0
212 2086 1 1017 1 322 288 0 1341 1 0 0
212 2086 1 1328066 1 322 288 03 1341 1 0 0
212 2086 1 42241 1 2 288 032 1341 1 0 0
212 2086 1 64442 2 128 288 0 1341 1 0 0
212 2086 1 6434078 2 466 288 332 1341 1 0 0
212 2086 1 80460 1 442 288 0 1341 1 0 0
212 2086 1 8177622 1 233 288 226 1341 1 0 0
2042 246477 1 0834 1 121 4 128 1444 1 0 0
2042 246477 1 823811 1 121 4 128 1444 1 0 0
2042 246477 1 1026232 2 3 4 246 1444 1 0 0
2042 246477 1 1134472 1 121 4 128 1444 1 0 0
2042 246477 1 6321267 1 222 4 17 1444 1 0 0
2042 246477 1 2412268 1 173 4 116 1444 1 0 0
1287 336468 1 4278648 0 0 304 0 1341 1 0 0
718 360471 1 830403 1 222 324 1 1114 1 1 0
718 360471 1 832604 1 24 324 322 1114 1 0 0
718 360471 1 840664 1 044 324 0 1114 1 0 0
718 360471 1 8446 2 128 324 16 1114 1 0 0
718 360471 1 848014 2 12 324 018 1114 1 0 0
718 360471 1 4324 1 11 324 062 1114 1 04 04
718 360471 1 4468 4 2 324 146 1114 1 0 0
718 360471 1 6414 1 062 324 0 1114 1 0 0
718 360471 1 860776 1 042 324 0 1114 1 0 0
718 360471 1 862438 1 24 324 322 1114 1 0 0
718 360471 1 8706 1 4 324 112 1114 1 0 0
718 360471 1 874317 1 122 324 02 1114 1 0 0
718 360471 1 874736 1 04 324 042 1114 1 0 0
718 360471 1 880472 2 3 324 04 1114 1 0 0
718 360471 1 880824 1 272 324 12 1114 1 0 0
718 360471 1 88 2 08 324 078 1114 1 0 0
718 360471 1 2428 1 322 324 02 1114 1 0 0
718 360471 1 212443 1 04 324 042 1114 1 0 0
718 360471 1 2137 1 322 324 1 1114 1 0 0
718 360471 1 220308 1 04 324 042 1114 1 0 0
718 360471 1 222340 2 128 324 02 1114 1 0 0
718 360471 1 226884 1 822 324 43 1114 1 0 0
718 360471 1 234676 1 137 324 042 1114 1 1 0
718 360471 1 2347 1 137 324 042 1114 1 0 0
718 360471 1 247842 1 124 324 044 1114 1 0 0
718 360471 1 248746 3 212 324 32 1114 1 074 024
718 360471 1 240432 1 1 324 042 1114 1 0 0
718 360471 1 242281 2 1 324 328 1114 1 0 0
718 360471 1 244043 1 04 324 042 1114 1 0 0
718 360471 1 262632 2 1 324 04 1114 1 0 0
718 360471 1 264 1 14 324 322 1114 1 0 0
718 360471 1 264222 2 34 324 128 1114 1 1 0
718 360471 1 276122 2 4 324 218 1114 1 0 0
718 360471 1 276463 1 242 324 06 1114 1 1 0
718 360471 1 276621 2 08 324 078 1114 1 0 0
718 360471 1 2724 1 322 324 04 1114 1 0 0
718 360471 1 281760 1 06 324 072 1114 1 0 0
718 360471 1 2820 1 04 324 032 1114 1 0 0
718 360471 1 221248 2 334 324 064 1114 1 0 0
718 360471 1 224188 1 124 324 044 1114 1 0 0
718 360471 1 2247 1 04 324 0 1114 1 0 0
718 360471 1 228666 2 128 324 16 1114 1 0 0
718 360471 1 228872 1 622 324 1 1114 1 0 0
718 360471 1 13188 1 14 324 022 1114 1 0 0
718 360471 1 1884 2 08 324 078 1114 1 0 0
718 360471 1 1014048 1 322 324 07 1114 1 0 0
718 360471 1 1014060 1 072 324 01 1114 1 0 0
718 360471 1 1020604 1 24 324 132 1114 1 1 0
718 360471 1 1060 1 04 324 032 1114 1 0 0
718 360471 1 1022404 1 124 324 044 1114 1 0 0
718 360471 1 10340 2 074 324 064 1114 1 0 0
718 360471 1 1030812 2 08 324 078 1114 1 0 0
718 360471 1 1031884 1 042 324 01 1114 1 0 0
718 360471 1 10380 1 2 324 022 1114 1 0 0
718 360471 1 1036324 1 322 324 03 1114 1 0 0
718 360471 1 1044644 2 378 324 0 1114 1 1 0
718 360471 1 1062266 2 128 324 24 1114 1 0 0
718 360471 1 1063424 1 272 324 12 1114 1 0 0
718 360471 1 1062788 1 182 324 0 1114 1 0 0
718 360471 1 1071232 2 128 324 06 1114 1 0 0
718 360471 1 1076471 4 4 324 326 1114 1 0 0
718 360471 1 1078642 1 2 324 122 1114 1 0 0
718 360471 1 1072223 1 124 324 044 1114 1 0 0
718 360471 1 1088834 1 04 324 042 1114 1 0 0
718 360471 1 1328624 1 24 324 322 1114 1 0 0
718 360471 1 1103808 1 222 324 07 1114 1 0 0
718 360471 1 1110723 2 08 324 038 1114 1 0 0
718 360471 1 1114040 2 138 324 0 1114 1 0 0
718 360471 1 1130666 1 321 324 1 1114 1 0 0
718 360471 1 1130716 1 112 324 02 1114 1 0 0
718 360471 1 1136122 2 138 324 04 1114 1 0 0
718 360471 1 4467633 1 2 324 142 1114 1 1 0
718 360471 1 4421784 1 422 324 14 1114 1 0 0
718 360471 1 64412 2 112 324 112 1114 1 0 0
718 360471 1 64444 1 222 324 12 1114 1 0 0
718 360471 1 7432824 1 332 324 04 1114 1 0 0
718 360471 1 7432241 1 44 324 042 1114 1 0 0
718 360471 1 7414 1 1 324 032 1114 1 0 0
718 360471 1 74102 1 1 324 032 1114 1 0 0
718 360471 1 7441844 2 132 324 0 1114 1 042 0
718 360471 1 2227177 1 2 324 122 1114 1 0 0
718 360471 1 2368442 1 204 324 042 1114 1 044 044
718 360471 1 24874 1 232 324 0 1114 1 0 0
718 360471 1 2443031 2 326 324 0 1114 1 0 0
718 360471 1 24736 1 322 324 0 1114 1 0 0
2483 22127681 1 3843466 2 4 2602 328 13 1 0 0
1617 26776017 2 281760 3 237 440 18 1220 1 0 0
240 26786121 2 6242 1 322 286 03 2144 1 0 0
240 26786121 2 10732 1 222 286 1 2144 1 0 0
1843 47214 2 10867 1 422 317 0 1211 1 0 0
1843 47214 2 7417 1 822 317 43 1211 1 0 0
2304 70743 2 3862 1 442 414 04 13 1 0 0
2304 70743 2 2610 2 244 414 0 13 1 0 0
2304 70743 2 873203 1 167 414 102 13 1 0 0
2304 70743 2 878226 1 144 414 0 13 1 0 0
2304 70743 2 883817 1 122 414 06 13 1 0 0
2304 70743 2 237210 1 2234 414 0 13 1 0 0
2304 70743 2 242281 1 04 414 042 13 1 0 0
2304 70743 2 2442 1 112 414 02 13 1 0 0
2304 70743 2 16184 1 2 414 322 13 1 0 0
2304 70743 2 1024306 1 222 414 0 13 1 0 0
2304 70743 2 1026118 1 088 414 0 13 1 0 0
2304 70743 2 10287 1 04 414 032 13 1 0 0
2304 70743 2 1028821 1 312 414 0 13 1 0 0
2304 70743 2 1022743 1 242 414 0 13 1 0 0
2304 70743 2 1022214 1 077 414 042 13 1 0 0
2304 70743 2 1034411 1 122 414 04 13 1 0 0
2304 70743 2 1043128 2 143 414 1 13 1 044 044
2304 70743 2 1044068 1 322 414 03 13 1 0 0
2304 70743 2 1046464 1 112 414 0 13 1 0 0
2304 70743 2 1041416 1 231 414 0 13 1 0 0
2304 70743 2 1046432 1 232 414 01 13 1 0 0
2304 70743 2 1077342 1 132 414 0 13 1 0 0
2304 70743 2 1077410 2 334 414 084 13 1 0 0
2304 70743 2 1078317 1 222 414 1 13 1 0 0
2304 70743 2 1326261 1 362 414 0 13 1 0 0
2304 70743 2 1101442 1 322 414 02 13 1 0 0
2304 70743 2 1102067 1 233 414 0 13 1 0 0
2304 70743 2 1132342 2 138 414 02 13 1 0 0
2304 70743 2 1116040 1 312 414 0 13 1 0 0
2304 70743 2 4278646 0 0 414 0 13 1 1 0
2304 70743 2 7441412 1 24 414 222 13 1 0 0
1216 26244143 1 6784 1 322 446 04 2344 1 0 0
1216 26244143 1 4421 1 342 446 0 2344 1 0 0
1216 26244143 1 82 1 232 446 0 2344 1 0 0
1216 26244143 1 218122 2 21 446 0 2344 1 0 0
1216 26244143 1 222 2 4 446 328 2344 1 0 0
1216 26244143 1 2236 1 242 446 0 2344 1 0 0
1216 26244143 1 223267 1 107 446 112 2344 1 0 0
1216 26244143 1 232813 1 422 446 16 2344 1 0 0
1216 26244143 1 271242 2 4 446 14 2344 1 0 0
1216 26244143 1 281244 4 2 446 324 2344 1 0 0
1216 26244143 1 18673 1 124 446 014 2344 1 0 0
1216 26244143 1 1012307 1 122 446 02 2344 1 0 0
1216 26244143 1 10286 1 24 446 062 2344 1 0 0
1216 26244143 1 10661 2 428 446 0 2344 1 0 0
1216 26244143 1 1076161 1 2 446 022 2344 1 0 0
1216 26244143 1 1327761 1 242 446 02 2344 1 0 0
1216 26244143 1 1102641 1 182 446 0 2344 1 0 0
1216 26244143 1 4272433 1 122 446 0 2344 1 0 0
1216 26244143 1 6321038 1 122 446 04 2344 1 0 0
1216 26244143 1 6463721 2 138 446 0 2344 1 0 0
1216 26244143 1 6602368 1 622 446 3 2344 1 0 0
1216 26244143 1 74662 1 222 446 0 2344 1 0 0
1216 26244143 1 80123 1 322 446 02 2344 1 0 0
1216 2628 2 862622 1 172 446 0 2213 1 0 0
1216 2628 2 876404 1 042 446 0 2213 1 0 0
1216 2628 2 10423 1 322 446 32 2213 1 0 0
1216 2628 2 1074422 1 112 446 0 2213 1 0 0
1216 2628 2 1088144 1 122 446 0 2213 1 0 0
480 27023223 2 2226277 1 2222 222 30 1446 1 0 0
480 27632 2 883404 1 322 222 03 1832 1 0 0
1 273242 2 78 2 1128 322 0 1712 1 0 0
1 273242 2 841833 1 74 322 466 1712 1 0 0
1 273242 2 8646 2 242 322 242 1712 1 0 0
1 273242 2 237647 2 428 322 0 1712 1 0 0
1 273242 2 243247 1 222 322 0 1712 1 0 0
1 273242 2 281760 3 237 322 18 1712 1 0 0
1 273242 2 2843 1 442 322 04 1712 1 0 0
1 273242 2 1063432 1 232 322 0 1712 1 0 0
1 273242 2 1104704 1 342 322 0 1712 1 0 0
1 273242 2 1126822 1 242 322 0 1712 1 0 0
1 273242 2 44777 1 722 322 0 1712 1 0 0
1 273242 2 4422348 1 2122 322 0 1712 1 0 0
1 273242 2 4278646 0 0 322 0 1712 1 2 0
1 273242 2 62724 1 167 322 032 1712 1 0 0
1 273242 2 7432244 1 262 322 03 1712 1 0 0
1 273242 2 22271 1 232 322 03 1712 1 0 0
244 27166832 2 836041 1 04 424 012 1442 1 0 0
244 27166832 2 826617 1 04 424 032 1442 1 0 0
244 27166832 2 243088 1 14 424 042 1442 1 0 0
244 27166832 2 242620 1 212 424 02 1442 1 0 0
244 27166832 2 2422 1 04 424 012 1442 1 0 0
244 27166832 2 272231 1 122 424 12 1442 1 0 0
244 27166832 2 277268 2 1 424 038 1442 1 0 0
244 27166832 2 1068712 1 142 424 04 1442 1 0 0
244 27166832 2 1326343 1 1 424 012 1442 1 0 0
244 27166832 2 11223 1 222 424 0 1442 1 0 0
244 27166832 2 6463461 1 222 424 0 1442 1 0 0
244 27166832 2 6433236 1 233 424 166 1442 1 0 0
718 27328326 2 4221 1 322 324 0 1234 1 0 0
718 27328326 2 834484 1 04 324 0 1234 1 0 0
718 27328326 2 3467 1 14 324 042 1234 1 0 0
718 27328326 2 224821 1 212 324 0 1234 1 0 0
718 27328326 2 2664 1 04 324 0 1234 1 0 0
718 27328326 2 2234 1 322 324 0 1234 1 0 0
718 27328326 2 227042 1 14 324 0 1234 1 0 0
718 27328326 2 228736 4 426 324 0 1234 1 0 0
718 27328326 2 1022743 1 242 324 0 1234 1 0 0
718 27328326 2 1034182 1 14 324 042 1234 1 0 0
718 27328326 2 1073744 1 24 324 0 1234 1 0 0
718 27328326 2 10604 1 1 324 022 1234 1 0 0
718 27328326 2 13274 1 14 324 0 1234 1 0 0
718 27328326 2 1326437 1 442 324 0 1234 1 0 0
718 27328326 2 13271 1 334 324 064 1234 1 0 0
718 27328326 2 1114187 1 242 324 0 1234 1 0 0
718 27328326 2 1126442 1 14 324 0 1234 1 0 0
718 27328326 2 44728 1 122 324 0 1234 1 0 0
718 27328326 2 40723 1 132 324 0 1234 1 0 0
718 27328326 2 4272342 1 182 324 0 1234 1 0 0
718 27328326 2 2644040 1 122 324 0 1234 1 0 0
2 27328362 2 1344 1 124 324 034 2040 1 0 0
2 27328362 2 2346 1 124 324 034 2040 1 0 0
2 27328362 2 10182 1 124 324 034 2040 1 0 0
2 27328362 2 2337722 1 124 324 034 2040 1 0 0
1617 87446 3 844164 1 134 440 024 1033 1 0 0
1617 87446 3 8304 1 1 440 0 1033 1 0 0
1617 8744228 3 822 2 4 440 328 1148 1 0 0
1617 8744228 3 2221 1 812 440 0 1148 1 0 0
1617 8744228 3 834833 3 227 440 0 1148 1 0 0
1617 8744228 3 230283 1 812 440 0 1148 1 0 0
1617 8744228 3 233067 2 4 440 228 1148 1 0 0
1617 8744228 3 2414 2 3 440 328 1148 1 0 0
1617 8744228 3 272143 1 424 440 0 1148 1 0 0
1617 8744228 3 281760 1 072 440 06 1148 1 0 0
1617 8744228 3 287237 1 024 440 0 1148 1 0 0
1617 8744228 3 2862 2 4 440 328 1148 1 0 0
1617 8744228 3 1044078 1 223 440 0 1148 1 0 0
1617 8744228 3 1042408 1 2 440 082 1148 1 0 0
1617 8744228 3 1060872 1 24 440 042 1148 1 0 0
1617 8744228 3 1326036 1 167 440 032 1148 1 0 0
1617 8744228 3 1106321 1 24 440 042 1148 1 0 0
1617 8744228 3 1113216 1 2 440 082 1148 1 0 0
1617 8744228 3 11024 2 4 440 118 1148 1 0 0
1617 8744228 3 11624 4 4 440 324 1148 1 0 0
1617 8744228 3 6212433 1 122 440 0 1148 1 0 0
2371 8801708 3 840361 1 072 317 06 1442 1 0 0
2371 8801708 3 2627 1 122 317 0 1442 1 0 0
2371 8801708 3 10341 2 3 317 328 1442 1 0 0
2371 8801708 3 10464 2 3 317 0 1442 1 0 0
2371 8801708 3 1072423 1 188 317 0 1442 1 0 0
2371 8801708 3 6032632 1 322 317 04 1442 1 0 0
2371 8801708 3 6434330 1 233 317 166 1442 1 0 0
1130 8832344 3 4468482 2 466 367 442 1428 1 0 0
1130 8832344 3 232 1 233 367 226 1428 1 0 0
347 8810686 3 8321 1 122 367 0 1710 1 0 0
347 8810686 3 216767 1 04 367 042 1710 1 0 0
347 8810686 3 273042 1 322 367 06 1710 1 0 0
347 8810686 3 272707 1 0 367 014 1710 1 0 0
347 8810686 3 227101 1 042 367 01 1710 1 0 0
347 8810686 3 222271 1 322 367 03 1710 1 0 0
347 8810686 3 1022431 1 042 367 01 1710 1 0 0
347 8810686 3 102 1 142 367 0 1710 1 0 0
347 8810686 3 10874 1 04 367 042 1710 1 0 0
347 8810686 3 1022743 1 242 367 0 1710 1 0 0
347 8810686 3 1040347 1 042 367 01 1710 1 0 0
347 8810686 3 1122461 1 042 367 01 1710 1 0 0
347 8811603 3 1043766 2 142 367 142 12 1 0 0
347 88118 3 4462471 2 466 367 442 2024 1 0 0
347 8813022 3 3774 1 422 367 12 2110 1 0 0
347 8813022 3 834714 1 1 367 042 2110 1 0 0
347 8813022 3 842614 1 23 367 323 2110 1 0 0
347 8813022 3 872062 2 428 367 0 2110 1 0 0
347 8813022 3 822624 2 226 367 302 2110 1 0 0
347 8813022 3 6017 2 128 367 0 2110 1 0 0
347 8813022 3 6740 1 422 367 1 2110 1 0 0
347 8813022 3 211401 1 2 367 322 2110 1 0 0
347 8813022 3 2137 1 322 367 1 2110 1 0 0
347 8813022 3 223746 1 112 367 04 2110 1 0 0
347 8813022 3 232674 1 2 367 042 2110 1 0 0
347 8813022 3 244486 1 3 367 0 2110 1 0 0
347 8813022 3 261444 1 162 367 0 2110 1 0 0
347 8813022 3 2222 2 2 367 0 2110 1 0 0
347 8813022 3 1020 2 404 367 134 2110 1 0 0
347 8813022 3 1028244 1 222 367 0 2110 1 0 0
347 8813022 3 1037863 2 244 367 0 2110 1 0 0
347 8813022 3 1040144 1 422 367 2 2110 1 0 0
347 8813022 3 10427 2 7 367 0 2110 1 0 0
347 8813022 3 10436 3 374 367 102 2110 1 0 0
347 8813022 3 1076874 1 134 367 024 2110 1 0 0
347 8813022 3 10767 1 262 367 0 2110 1 0 0
347 8813022 3 101 1 042 367 0 2110 1 0 0
347 8813022 3 10808 1 182 367 0 2110 1 0 0
347 8813022 3 1110432 3 1083 367 0 2110 1 0 0
347 8813022 3 1110632 1 322 367 0 2110 1 0 0
347 8813022 3 1123622 2 228 367 0 2110 1 0 0
347 8813022 3 1126446 1 24 367 042 2110 1 0 0
347 8813022 3 1126822 1 242 367 0 2110 1 0 0
347 8813022 3 1133446 1 2 367 042 2110 1 0 0
347 8813022 3 4423043 1 822 367 0 2110 1 0 0
347 8813022 3 7441424 1 322 367 0 2110 1 0 0
347 8813022 3 2487403 1 122 367 0 2110 1 0 0
347 8813022 3 2426773 1 222 367 0 2110 1 0 0
216 8817220 3 236886 1 24 4 042 1813 1 0 0
216 8817220 3 1082704 1 327 4 402 1813 1 0 0
216 8817220 3 6433236 1 233 4 166 1813 1 0 0
1213 88187 3 281760 1 072 4 06 1218 1 0 0
1213 88187 3 1044078 1 421 4 0 1218 1 0 0
1213 88187 3 2728732 1 04 4 0 1218 1 0 0
223 8831267 3 1067 1 122 226 32 1423 1 0 0
223 8831267 3 227284 1 212 226 0 1423 1 0 0
223 8831267 3 17434 1 14 226 062 1423 1 0 0
223 8831267 3 10428 1 132 226 0 1423 1 0 0
223 8831267 3 10674 1 242 226 0 1423 1 0 0
223 8831408 3 840361 1 06 226 072 1401 1 0 0
223 8831408 3 2662 1 272 226 0 1401 1 0 0
223 8831408 3 8628 1 342 226 0 1401 1 0 0
223 8831408 3 8662 1 04 226 0 1401 1 0 0
223 8831408 3 8648 1 24 226 022 1401 1 0 0
223 8831408 3 870734 1 242 226 0 1401 1 0 0
223 8831408 3 873331 1 222 226 0 1401 1 0 0
223 8831408 3 882774 1 112 226 0 1401 1 0 0
223 8831408 3 824241 1 322 226 0 1401 1 0 0
223 8831408 3 2243 1 322 226 0 1401 1 0 0
223 8831408 3 83 2 6 226 0 1401 1 0 0
223 8831408 3 214318 1 24 226 322 1401 1 0 0
223 8831408 3 216312 1 272 226 0 1401 1 0 0
223 8831408 3 223842 1 112 226 12 1401 1 0 0
223 8831408 3 223272 1 067 226 0 1401 1 0 0
223 8831408 3 2244 1 322 226 0 1401 1 0 0
223 8831408 3 233244 1 232 226 0 1401 1 0 0
223 8831408 3 244244 1 232 226 0 1401 1 0 0
223 8831408 3 2414 1 14 226 042 1401 1 0 0
223 8831408 3 242841 1 122 226 0 1401 1 0 0
223 8831408 3 274644 1 042 226 01 1401 1 0 0
223 8831408 3 2260 2 112 226 112 1401 1 0 0
223 8831408 3 2222 1 46 226 308 1401 1 0 0
223 8831408 3 287734 1 312 226 0 1401 1 0 0
223 8831408 3 1014116 1 24 226 182 1401 1 0 0
223 8831408 3 1 2 4 226 338 1401 1 0 0
223 8831408 3 1037220 1 242 226 0 1401 1 0 0
223 8831408 3 10404 1 24 226 322 1401 1 0 0
223 8831408 3 1042227 2 728 226 0 1401 1 0 0
223 8831408 3 1064407 1 322 226 03 1401 1 0 0
223 8831408 3 1076160 1 2274 226 1144 1401 1 0 0
223 8831408 3 1077373 1 272 226 1 1401 1 0 0
223 8831408 3 101 1 11 226 0 1401 1 0 0
223 8831408 3 10424 2 228 226 0 1401 1 0 0
223 8831408 3 1082306 1 2 226 042 1401 1 0 0
223 8831408 3 1082818 1 872 226 0 1401 1 0 0
223 8831408 3 13214 1 242 226 0 1401 1 0 0
223 8831408 3 1322402 2 334 226 144 1401 1 0 0
223 8831408 3 1104447 1 142 226 0 1401 1 0 0
223 8831408 3 1106423 1 242 226 0 1401 1 0 0
223 8831408 3 1110222 2 3 226 0 1401 1 0 0
223 8831408 3 11308 2 4 226 338 1401 1 0 0
223 8831408 3 1131634 1 262 226 0 1401 1 0 0
223 8831408 3 1136848 1 322 226 0 1401 1 0 0
223 8831408 3 4467443 1 14 226 042 1401 1 0 0
223 8831408 3 4462230 1 233 226 226 1401 1 0 0
223 8831408 3 4272283 1 122 226 0 1401 1 0 0
223 8831408 3 74428 1 312 226 0 1401 1 0 0
223 8831408 3 81124 1 732 226 0 1401 1 0 0
223 8831408 3 24412 1 222 226 0 1401 1 0 0
223 8831408 3 2474468 1 122 226 0 1401 1 0 0
223 8831408 3 2677413 1 322 226 0 1401 1 0 0
223 8831432 3 4468 2 1 226 078 1410 1 0 0
223 8831432 3 873380 2 128 226 0 1410 1 0 0
223 8831432 3 281760 1 072 226 06 1410 1 0 0
223 8831432 3 286324 1 044 226 0 1410 1 0 0
223 8831432 3 1013142 4 2 226 124 1410 1 0 0
223 8831432 3 107 1 242 226 0 1410 1 0 0
223 8831432 3 1072622 1 142 226 0 1410 1 0 0
223 8831432 3 1322032 1 24 226 0 1410 1 0 0
223 8831432 3 11332 1 282 226 0 1410 1 0 0
223 8831432 3 6212630 1 122 226 0 1410 1 0 0
223 8831432 3 8112302 1 2 226 062 1410 1 0 0
223 8831432 3 2412772 10 62 226 0 1410 1 0 0
223 8831432 3 27283 1 04 226 0 1410 1 0 0
223 8832342 3 210473 1 442 226 0 1818 1 0 0
223 8832342 3 278306 1 104 226 064 1818 1 0 0
223 8832342 3 11148 3 227 226 0 1818 1 0 0
223 8832342 3 10124 1 2 226 042 1818 1 0 0
223 8832342 3 1030342 1 167 226 132 1818 1 0 0
223 8832342 3 1080143 1 321 226 1 1818 1 0 0
223 8832342 3 1088683 1 24 226 142 1818 1 0 0
223 8832342 3 1322446 1 072 226 01 1818 1 0 0
223 8832342 3 1104442 1 342 226 0 1818 1 0 0
223 8832342 3 1113381 1 242 226 06 1818 1 0 0
223 8832342 3 4477022 1 2 226 162 1818 1 0 0
223 8832342 3 482 2 08 226 038 1818 1 0 0
223 8832342 3 447 1 04 226 012 1818 1 0 0
223 8832342 3 46076 2 08 226 038 1818 1 0 0
223 8832342 3 2227613 1 24 226 022 1818 1 0 0
223 88374 3 8382 1 312 226 0 1247 1 0 0
223 88374 3 214672 1 04 226 022 1247 1 0 0
223 88374 3 282234 2 178 226 26 1247 1 0 0
223 88374 3 11421 1 04 226 022 1247 1 0 0
223 88374 3 1083770 2 128 226 02 1247 1 0 0
2324 8841762 3 842202 1 822 324 0 1424 1 0 0
2324 8841762 3 868764 1 134 324 024 1424 1 0 0
2324 8841762 3 873847 1 622 324 07 1424 1 0 0
2324 8841762 3 230187 3 44 324 147 1424 1 0 0
2324 8841880 3 4441 1 116 324 0 1447 1 0 0
2324 8841880 3 8473 1 1 324 042 1447 1 0 0
2324 8841880 3 848322 1 164 324 324 1447 1 0 0
2324 8841880 3 1716 1 432 324 0 1447 1 0 0
2324 8841880 3 2864 2 112 324 112 1447 1 0 0
2324 8841880 3 882774 2 112 324 112 1447 1 0 0
2324 8841880 3 8216 1 1 324 042 1447 1 0 0
2324 8841880 3 2247 1 04 324 0 1447 1 0 0
2324 8841880 3 1038228 1 212 324 0 1447 1 0 0
2324 8841880 3 1046262 1 322 324 07 1447 1 0 0
2324 8841880 3 1046064 1 412 324 01 1447 1 0 0
2324 8841880 3 1071012 1 722 324 0 1447 1 0 0
2324 8841880 3 1106423 1 242 324 0 1447 1 0 0
2324 8841880 3 1116601 1 084 324 0 1447 1 0 0
2324 8841880 3 4471728 1 1 324 042 1447 1 0 0
2324 8841880 3 44410 1 122 324 0 1447 1 0 0
2324 8841880 3 03606 1 64 324 0 1447 1 0 0
1344 8843374 3 4224 1 332 324 0 2110 1 0 0
1344 8843374 3 42 1 377 324 0 2110 1 0 0
1344 8843374 3 6772 1 122 324 7 2110 1 0 0
1344 8843374 3 866211 1 172 324 0 2110 1 0 0
1344 8843374 3 881242 1 481 324 0 2110 1 0 0
1344 8843374 3 8286 1 2 324 322 2110 1 0 0
1344 8843374 3 4360 1 322 324 0 2110 1 0 0
1344 8843374 3 2360 2 4 324 0 2110 1 0 0
1344 8843374 3 228741 1 2 324 012 2110 1 0 0
1344 8843374 3 2414 2 3 324 328 2110 1 0 0
1344 8843374 3 277427 1 182 324 04 2110 1 0 0
1344 8843374 3 281760 1 072 324 06 2110 1 0 0
1344 8843374 3 287614 1 164 324 044 2110 1 0 0
1344 8843374 3 221327 1 342 324 0 2110 1 0 0
1344 8843374 3 222222 1 312 324 04 2110 1 0 0
1344 8843374 3 22 1 24 324 142 2110 1 0 0
1344 8843374 3 17222 1 24 324 182 2110 1 0 0
1344 8843374 3 10288 2 428 324 0 2110 1 0 0
1344 8843374 3 1022743 1 242 324 0 2110 1 0 0
1344 8843374 3 1036661 1 322 324 0 2110 1 0 0
1344 8843374 3 1044683 1 432 324 0 2110 1 0 0
1344 8843374 3 1061747 1 24 324 182 2110 1 0 0
1344 8843374 3 1081418 1 322 324 0 2110 1 0 0
1344 8843374 3 101 1 074 324 0 2110 1 0 0
1344 8843374 3 1117323 1 38 324 0 2110 1 0 0
1344 8843374 3 11308 1 2 324 162 2110 1 0 0
1344 8843374 3 1133378 1 422 324 0 2110 1 0 0
1344 8843374 3 2487427 1 2 324 012 2110 1 0 0
1344 8843374 3 2644643 1 222 324 0 2110 1 0 0
1344 8843374 3 2704664 1 712 324 0 2110 1 0 0
1016 88464 3 1464 1 322 31642 0 1436 1 0 0
1016 88464 3 833273 1 2 31642 072 1436 1 0 0
1016 88464 3 832842 6 3 31642 224 1436 1 0 0
1016 88464 3 862728 1 212 31642 04 1436 1 0 0
1016 88464 3 8743 1 222 31642 0 1436 1 0 0
1016 88464 3 217174 1 312 31642 04 1436 1 0 0
1016 88464 3 228263 1 167 31642 032 1436 1 0 0
1016 88464 3 241172 1 1 31642 444 1436 1 0 0
1016 88464 3 241412 1 111 31642 113 1436 1 0 0
1016 88464 3 273374 1 172 31642 0 1436 1 0 0
1016 88464 3 281760 1 072 31642 06 1436 1 0 0
1016 88464 3 1014603 1 742 31642 0 1436 1 0 0
1016 88464 3 1017061 3 14 31642 147 1436 1 0 0
1016 88464 3 10642 1 212 31642 0 1436 1 0 0
1016 88464 3 1077771 1 422 31642 0 1436 1 0 0
1016 88464 3 13248 1 422 31642 0 1436 1 0 0
1016 88464 3 1110624 1 312 31642 04 1436 1 0 0
1016 88464 3 1138443 1 304 31642 041 1436 1 0 0
1016 88464 3 7024124 1 322 31642 0 1436 1 0 0
1016 88464 3 7433886 1 142 31642 0 1436 1 0 0
1016 88464 3 2470432 1 377 31642 122 1436 1 0 0
2304 80617 3 840361 1 072 414 06 1210 1 0 0
2304 80617 3 8232 1 122 414 0 1210 1 0 0
2304 80617 3 4268 1 222 414 14 1210 1 0 0
2304 80617 3 8288 1 122 414 0 1210 1 0 0
2304 80617 3 214174 2 428 414 28 1210 1 0 0
2304 80617 3 2348 1 037 414 032 1210 1 0 0
2304 80617 3 277644 1 422 414 07 1210 1 0 0
2304 80617 3 280 1 24 414 042 1210 1 0 0
2304 80617 3 1064244 1 222 414 14 1210 1 0 0
2304 80617 3 1072622 1 142 414 0 1210 1 0 0
2304 80617 3 101 1 046 414 0 1210 1 0 0
2304 80617 3 10861 1 372 414 0 1210 1 0 0
2304 80617 3 1327280 1 312 414 0 1210 1 0 0
2304 80617 3 1104343 1 122 414 0 1210 1 0 0
122 842 3 6414241 3 424 330 187 1146 1 224 074
1238 8211488 3 8867 1 132 3 0 1421 1 0 0
1238 8211488 3 2323 1 364 3 0 1421 1 0 0
1238 8211488 3 833024 1 1 3 042 1421 1 0 0
1238 8211488 3 27 1 132 3 08 1421 1 0 0
1238 8211488 3 864063 1 062 3 0 1421 1 0 0
1238 8211488 3 872222 1 446 3 0 1421 1 0 0
1238 8211488 3 888226 1 14 3 022 1421 1 0 0
1238 8211488 3 821261 1 326 3 0 1421 1 0 0
1238 8211488 3 4360 1 322 3 0 1421 1 0 0
1238 8211488 3 213623 2 118 3 04 1421 1 0 0
1238 8211488 3 234126 1 212 3 0 1421 1 0 0
1238 8211488 3 244347 1 122 3 0 1421 1 0 0
1238 8211488 3 248640 1 604 3 0 1421 1 0 0
1238 8211488 3 241127 1 167 3 072 1421 1 0 0
1238 8211488 3 276122 1 24 3 132 1421 1 0 0
1238 8211488 3 283040 1 182 3 0 1421 1 0 0
1238 8211488 3 287462 2 334 3 204 1421 1 0 0
1238 8211488 3 14 2 4 3 328 1421 1 0 0
1238 8211488 3 1022743 1 242 3 0 1421 1 0 0
1238 8211488 3 1034321 1 1242 3 314 1421 1 0 0
1238 8211488 3 1034386 1 124 3 044 1421 1 0 0
1238 8211488 3 1047641 1 304 3 113 1421 1 0 0
1238 8211488 3 1062117 1 24 3 012 1421 1 0 0
1238 8211488 3 1066461 1 702 3 464 1421 1 0 0
1238 8211488 3 1068343 1 172 3 12 1421 1 0 0
1238 8211488 3 1077444 1 1 3 042 1421 1 0 0
1238 8211488 3 1072287 1 383 3 326 1421 1 0 0
1238 8211488 3 1324032 1 072 3 03 1421 1 0 0
1238 8211488 3 13272 2 128 3 0 1421 1 0 0
1238 8211488 3 1106321 1 24 3 042 1421 1 0 0
1238 8211488 3 1113780 1 2 3 042 1421 1 0 0
1238 8211488 3 11300 1 322 3 06 1421 1 0 0
1238 8211488 3 4467601 1 2 3 162 1421 1 0 0
1238 8211488 3 4478643 2 08 3 038 1421 1 0 0
1238 8211488 3 441 2 08 3 038 1421 1 0 0
1238 8211488 3 4421746 1 044 3 0 1421 1 0 0
1238 8211488 3 6272801 1 222 3 08 1421 1 0 0
1238 8211488 3 2470432 1 377 3 122 1421 1 0 0
18 82287 3 873263 1 422 442 06 1238 1 0 0
18 82287 3 221406 1 222 442 0 1238 1 0 0
18 82287 3 1042171 1 822 442 2 1238 1 0 0
18 82287 3 1076327 1 112 442 04 1238 1 0 0
1377 82324 3 2667 1 142 323 0 2012 1 0 0
1377 82324 3 4441 1 146 323 0 2012 1 0 0
1377 82324 3 844164 1 134 323 024 2012 1 0 0
1377 82324 3 6128 1 322 323 07 2012 1 0 0
1377 82324 3 8632 2 24 323 068 2012 1 0 0
1377 82324 3 878226 1 32 323 0 2012 1 0 0
1377 82324 3 887284 1 2 323 322 2012 1 0 0
1377 82324 3 216381 1 124 323 034 2012 1 0 0
1377 82324 3 212423 1 44 323 142 2012 1 0 0
1377 82324 3 223272 1 067 323 0 2012 1 0 0
1377 82324 3 224642 2 132 323 0 2012 1 0 0
1377 82324 3 232228 1 124 323 014 2012 1 0 0
1377 82324 3 261444 1 162 323 0 2012 1 0 0
1377 82324 3 261772 1 322 323 04 2012 1 0 0
1377 82324 3 14423 1 161 323 0 2012 1 0 0
1377 82324 3 1024306 1 222 323 0 2012 1 0 0
1377 82324 3 1028244 1 222 323 0 2012 1 0 0
1377 82324 3 1043128 1 322 323 04 2012 1 0 0
1377 82324 3 10436 2 24 323 068 2012 1 0 0
1377 82324 3 1044646 1 322 323 0 2012 1 0 0
1377 82324 3 101 1 174 323 0 2012 1 0 0
1377 82324 3 1326634 1 272 323 12 2012 1 0 0
1377 82324 3 1102242 1 142 323 0 2012 1 0 0
1377 82324 3 1116601 1 182 323 0 2012 1 0 0
1377 82324 3 1122442 1 322 323 0 2012 1 0 0
1377 82324 3 6463742 1 372 323 02 2012 1 0 0
1377 82324 3 7432861 1 426 323 0 2012 1 0 0
1377 82324 3 2326770 1 133 323 026 2012 1 0 0
1377 82324 3 2728732 2 1 323 0 2012 1 0 0
1377 82324 3 27283 2 1 323 0 2012 1 0 0
1377 82324 3 22424 1 142 323 0 2012 1 0 0
2104 82474 2 8683 1 212 446 08 2242 1 0 0
2104 82474 2 826362 1 142 446 04 2242 1 0 0
2104 82474 2 827413 2 1 446 0 2242 1 0 0
2104 82474 2 2342 1 1 446 062 2242 1 0 0
2104 82474 2 223746 1 112 446 04 2242 1 0 0
2104 82474 2 241762 1 382 446 07 2242 1 0 0
2104 82474 2 241703 1 072 446 0 2242 1 0 0
2104 82474 2 264701 1 112 446 01 2242 1 0 0
2104 82474 2 273476 1 132 446 06 2242 1 0 0
2104 82474 2 222271 2 128 446 06 2242 1 0 0
2104 82474 2 13270 1 122 446 0 2242 1 0 0
2104 82474 2 1024248 2 078 446 0 2242 1 0 0
2104 82474 2 1022743 1 242 446 0 2242 1 0 0
2104 82474 2 1044283 2 1 446 0 2242 1 0 0
2104 82474 2 1071232 1 322 446 03 2242 1 0 0
2104 82474 2 1078642 1 2 446 122 2242 1 0 0
2104 82474 2 1324188 1 2 446 322 2242 1 0 0
2104 82474 2 1106423 1 242 446 0 2242 1 0 0
2104 82474 2 1110682 1 2 446 0 2242 1 0 0
2104 82474 2 11232 1 163 446 086 2242 1 0 0
2104 82474 2 11338 1 122 446 0 2242 1 0 0
2104 82474 2 1134810 2 44 446 228 2242 1 0 0
2104 82474 2 4466832 1 122 446 08 2242 1 0 0
2104 82474 2 4466246 1 122 446 08 2242 1 0 0
2104 82474 2 4468860 1 122 446 08 2242 1 0 0
2104 82474 2 2420312 1 322 446 0 2242 1 0 0
314 8242267 3 247241 0 0 3 0 1707 1 0 0
314 8242267 3 1012241 1 144 3 082 1707 1 044 044
314 8242267 3 1022043 2 4 3 328 1707 1 0 0
314 8242267 3 1026118 1 1 3 0 1707 1 0 0
314 8242267 3 1028816 4 486 3 03 1707 1 0 0
314 8242267 3 1104834 1 14 3 142 1707 1 0 0
314 8242267 3 242 2 3 3 228 1707 1 0 0
314 8242287 3 10604 1 1 3 022 1712 1 0 0
314 8242287 3 4464424 1 622 3 0 1712 1 0 0
1287 8272386 3 6128 1 322 326 07 1804 1 0 0
1287 8272386 3 221132 4 2 326 0 1804 1 0 0
1287 8272386 3 1014116 1 24 326 182 1804 1 0 0
1287 8272386 3 1104108 1 072 326 04 1804 1 0 0
1287 8272386 3 1122114 1 182 326 0 1804 1 0 0
1287 8272386 3 747 2 128 326 0 1804 1 0 0
1287 82724 3 0164 1 04 326 0 1806 1 0 0
1287 82724 3 8662 2 1 326 0 1806 1 0 0
1287 82724 3 823032 1 142 326 0 1806 1 0 0
1287 82724 3 24 1 132 326 0 1806 1 0 0
1287 82724 3 243116 1 222 326 0 1806 1 0 0
1287 82724 3 244622 2 3 326 138 1806 1 0 0
1287 82724 3 281760 1 072 326 06 1806 1 0 0
1287 82724 3 282234 1 082 326 13 1806 1 0 0
1287 82724 3 221132 2 1 326 0 1806 1 0 0
1287 82724 3 223342 1 122 326 0 1806 1 0 0
1287 82724 3 10607 1 242 326 06 1806 1 0 0
1287 82724 3 101 1 061 326 0 1806 1 0 0
1287 82724 3 10814 1 242 326 0 1806 1 0 0
1287 82724 3 11264 1 222 326 07 1806 1 0 0
1282 8222432 3 6278216 1 1322 406 0 1228 1 0 0
480 10170 3 4731 1 24 222 022 32 1 0 0
480 10170 3 2263 1 342 222 0 32 1 0 0
480 10170 3 8648 1 24 222 022 32 1 0 0
480 10170 3 878634 1 122 222 0 32 1 0 0
480 10170 3 2234 1 182 222 0 32 1 0 0
480 10170 3 246660 1 788 222 0 32 1 0 0
480 10170 3 623 1 2 222 072 32 1 0 0
480 10170 3 276228 1 042 222 02 32 1 0 0
480 10170 3 222264 1 332 222 0 32 1 0 0
480 10170 3 11744 1 2 222 322 32 1 0 0
480 10170 3 10128 2 278 222 0 32 1 0 0
480 10170 3 1040701 1 2 222 322 32 1 0 0
480 10170 3 1070442 1 3 222 072 32 1 0 0
480 10170 3 10803 2 4 222 228 32 1 0 0
480 10170 3 101 1 062 222 0 32 1 0 0
480 10170 3 1086063 1 282 222 0 32 1 0 0
480 10170 3 1328167 1 3 222 322 32 1 0 0
480 10170 3 1112238 1 364 222 0 32 1 0 0
480 10170 3 1131427 1 2 222 072 32 1 0 0
480 10170 3 4462374 1 233 222 226 32 1 0 0
480 10170 3 6434201 1 233 222 226 32 1 0 0
480 10170 3 8177622 1 233 222 226 32 1 0 0
480 10170 3 2470432 1 377 222 122 32 1 0 0
2324 37220 3 238764 1 322 222 0 1617 1 0 0
2324 37220 3 244486 1 172 222 0 1617 1 0 0
2324 37220 3 1032146 1 134 222 0 1617 1 0 0
2122 44264 3 241210 1 462 401 0 0831 1 0 0
2122 44264 3 270722 1 04 401 042 0831 1 0 0
2122 44264 3 1028816 4 614 401 03 0831 1 0 0
2122 44264 3 1064438 1 1422 401 0 0831 1 0 0
2122 44264 3 10884 1 288 401 0 0831 1 0 0
2122 44264 3 1104831 1 222 401 04 0831 1 0 0
2122 44264 3 4466440 1 274 401 044 0831 1 0 0
2122 44264 3 63261 1 112 401 02 0831 1 0 0
2122 44264 3 7440848 1 2222 401 0 0831 1 0 0
423 64728 3 846241 2 144 3 104 1040 1 0 0
423 64728 3 866140 2 1 3 328 1040 1 0 0
423 64728 3 1034686 3 4 3 307 1040 1 0 0
423 64728 3 10422 1 362 3 1 1040 1 0 0
423 64728 3 1070661 1 062 3 04 1040 1 0 0
423 64728 3 1106423 1 242 3 0 1040 1 0 0
2110 342 3 2263 1 248 374 101 1447 1 0 0
2110 342 3 837263 1 0 374 0 1447 1 0 0
2110 342 3 866211 1 173 374 0 1447 1 0 0
2110 342 3 876660 1 222 374 0 1447 1 0 0
2110 342 3 881614 2 278 374 12 1447 1 0 0
2110 342 3 8833 1 322 374 044 1447 1 0 0
2110 342 3 224621 1 122 374 03 1447 1 0 0
2110 342 3 272707 1 08 374 02 1447 1 0 0
2110 342 3 284714 1 1 374 062 1447 1 0 0
2110 342 3 10741 1 622 374 0 1447 1 0 0
2110 342 3 1132762 1 082 374 0 1447 1 0 0
2110 342 3 11831 1 222 374 0 1447 1 0 0
2110 342 3 11371 1 244 374 042 1447 1 0 0
2110 342 3 1138467 1 2 374 042 1447 1 0 0
2110 342 3 4462374 1 233 374 226 1447 1 0 0
2110 342 3 4462471 1 233 374 226 1447 1 0 0
2110 342 3 6434030 1 233 374 166 1447 1 0 0
2110 342 3 74071 1 222 374 04 1447 1 0 0
2110 342 3 2677441 1 362 374 0 1447 1 0 0
2110 342 3 26776 1 362 374 0 1447 1 0 0
2362 21071 3 833307 2 428 436 2 1242 1 0 0
2362 21071 3 843426 1 272 436 06 1242 1 0 0
2362 21071 3 844462 1 1122 436 0 1242 1 0 0
2362 21071 3 8424 1 4 436 112 1242 1 0 0
2362 21071 3 8832 2 118 436 018 1242 1 0 0
2362 21071 3 882670 1 2 436 322 1242 1 0 0
2362 21071 3 272 2 4 436 328 1242 1 0 0
2362 21071 3 6202 2 4 436 138 1242 1 0 0
2362 21071 3 6636 1 2 436 322 1242 1 0 0
2362 21071 3 222614 2 118 436 018 1242 1 0 0
2362 21071 3 243884 1 242 436 0 1242 1 0 0
2362 21071 3 271431 1 222 436 0 1242 1 0 0
2362 21071 3 274022 1 24 436 042 1242 1 0 0
2362 21071 3 277228 2 118 436 018 1242 1 0 0
2362 21071 3 14426 1 4 436 112 1242 1 0 0
2362 21071 3 1022743 1 262 436 0 1242 1 0 0
2362 21071 3 1047441 2 1138 436 0 1242 1 0 0
2362 21071 3 10424 1 162 436 0 1242 1 0 0
2362 21071 3 10741 1 124 436 014 1242 1 0 0
2362 21071 3 1323 1 142 436 0 1242 1 0 0
2362 21071 3 1104238 1 442 436 04 1242 1 0 0
2362 21071 3 1121384 1 312 436 08 1242 1 0 0
2362 21071 3 11211 1 422 436 0 1242 1 0 0
2362 21071 3 11223 1 222 436 0 1242 1 0 0
2362 21071 3 7147317 2 422 436 422 1242 1 0 0
2362 21071 3 7466234 1 222 436 0 1242 1 0 0
2362 21071 3 8012642 1 212 436 0 1242 1 0 0
2362 21071 3 8062226 1 1422 436 0 1242 1 0 0
2362 21071 3 2227144 1 172 436 02 1242 1 0 0
2362 21071 3 2227461 2 628 436 0 1242 1 0 0
2362 21071 3 24462 1 622 436 1 1242 1 0 0
2044 2148326 3 248468 1 342 333 0 1646 1 0 0
2044 2148326 3 223411 1 044 333 0 1646 1 0 0
2044 2148326 3 101 1 038 333 0 1646 1 0 0
2044 2148326 3 6434872 3 347 333 32 1646 1 0 0
2336 2172126 3 4414 1 322 342 328 1708 1 0 0
2336 2172126 3 1082244 1 222 342 0 1708 1 0 0
224 2177 3 6842 1 212 4 0 1442 1 0 0
224 2177 3 2242 1 222 4 0 1442 1 0 0
224 2177 3 8622 1 24 4 022 1442 1 0 0
224 2177 3 862622 1 172 4 0 1442 1 0 0
224 2177 3 883404 1 322 4 03 1442 1 0 0
224 2177 3 824063 1 142 4 0 1442 1 0 0
224 2177 3 826362 1 142 4 04 1442 1 0 0
224 2177 3 214 1 262 4 0 1442 1 0 0
224 2177 3 224242 1 122 4 0 1442 1 0 0
224 2177 3 14436 1 722 4 0 1442 1 0 0
224 2177 3 1074424 1 122 4 0 1442 1 0 0
224 2177 3 1131488 1 312 4 08 1442 1 0 0
224 2177 3 4421038 2 1 4 0 1442 1 0 0
224 2177 3 7442278 1 122 4 0 1442 1 0 0
224 2177 3 80437 1 442 4 0 1442 1 0 0
224 2177 3 2420312 1 322 4 0 1442 1 0 0
432 21101 3 222202 1 242 321 0 1210 1 0 0
432 21101 3 1038024 1 288 321 0 1210 1 0 0
432 21101 3 6463827 1 322 321 0 1210 1 0 0
1116 2221840 3 4214 1 134 344 064 1446 1 0 0
1116 2221840 3 848014 10 6 344 32 1446 1 0 0
1116 2221840 3 243233 1 132 344 0 1446 1 0 0
1116 2221840 3 242317 1 1 344 012 1446 1 0 0
1116 2221840 3 264766 2 438 344 0 1446 1 0 0
1116 2221840 3 417 2 3 344 231 1446 1 0 0
1116 2221840 3 2423 1 103 344 016 1446 1 0 0
1116 2221840 3 2264 3 374 344 242 1446 1 0 0
1116 2221840 3 2874 10 2 344 042 1446 1 0 0
1116 2221840 3 1014141 1 122 344 0 1446 1 0 0
1116 2221840 3 1022743 2 464 344 0 1446 1 0 0
1116 2221840 3 1106301 3 467 344 0 1446 1 0 0
1116 2221840 3 80432 1 442 344 0 1446 1 0 0
304 2301476 2 868764 1 133 322 026 1738 1 0 0
304 2301476 2 8736 2 3 322 328 1738 1 0 0
304 2301476 2 822637 1 134 322 024 1738 1 0 0
304 2301476 2 272 1 24 322 042 1738 1 0 0
304 2301476 2 2428 1 617 322 103 1738 1 0 0
304 2301476 2 2386 1 167 322 132 1738 1 0 0
304 2301476 2 222814 1 14 322 142 1738 1 0 0
304 2301476 2 222714 1 182 322 03 1738 1 0 0
304 2301476 2 1028224 1 411 322 103 1738 1 0 0
304 2301476 2 1022743 1 232 322 0 1738 1 0 0
304 2301476 2 1101010 1 1 322 0 1738 1 0 0
304 2301476 2 44410 1 122 322 0 1738 1 0 0
304 2301476 2 4422231 1 148 322 0 1738 1 0 0
304 2301476 2 6463717 1 24 322 222 1738 1 0 0
304 2301476 2 24066 1 14 322 142 1738 1 0 0
304 2304227 3 822264 1 322 322 02 1832 1 0 0
304 2304227 3 2272 1 04 322 042 1832 1 0 0
304 2304227 3 1061332 1 04 322 042 1832 1 0 0
304 2304227 3 1113882 1 442 322 0 1832 1 0 0
304 2304227 3 2326673 1 442 322 0 1832 1 0 0
1622 046606 3 1744220 1 3 634 088 13 1 0 0
1622 046606 3 1747488 2 2 634 078 13 1 0 0
1622 046606 3 17837 1 1 634 012 13 1 0 0
1622 046606 3 1842774 1 262 634 0 13 1 0 0
1622 046606 3 18617 1 242 634 24 13 1 0 0
1622 046606 3 1872270 1 388 634 0 13 1 0 0
1622 046606 3 18614 1 082 634 0 13 1 0 0
1622 046606 3 12472 1 2 634 122 13 1 0 0
1622 046606 3 12 1 3 634 0 13 1 0 0
1622 046606 3 12620 1 318 634 0 13 1 0 0
1622 046606 3 1281182 1 682 634 0 13 1 0 0
1622 046606 3 27434 1 222 634 04 13 1 0 0
1622 046606 3 2017333 1 222 634 0 13 1 0 0
1622 046606 3 2012266 1 322 634 08 13 1 0 0
1622 046606 3 2034628 1 122 634 0 13 1 0 0
1622 046606 3 2062208 1 318 634 0 13 1 0 0
1622 046606 3 2076030 1 332 634 0 13 1 0 0
1622 046606 3 4624430 1 322 634 0 13 1 0 0
1622 046606 3 4222632 1 342 634 0 13 1 0 0
1622 046606 3 8183442 1 622 634 0 13 1 0 0
1622 046606 3 22228 1 222 634 0 13 1 0 0
22 02062 3 637217 1 083  046 2238 1 0 0
347 0232424 4 8370 1 414 367 0 1217 1 0 0
347 0232424 4 840361 4 316 367 24 1217 1 0 0
347 0232424 4 860776 3 177 367 0 1217 1 0 0
347 0232424 4 887212 1 162 367 0 1217 1 0 0
347 0232424 4 2141 4 326 367 4 1217 1 0 0
347 0232424 4 242337 1 122 367 0 1217 1 0 0
347 0232424 4 263024 2 328 367 0 1217 1 0 0
347 0232424 4 263880 3 2327 367 0 1217 1 0 0
347 0232424 4 1067232 1 442 367 0 1217 1 0 0
347 0232424 4 1070330 3 827 367 0 1217 1 0 0
347 0232424 4 1324424 1 642 367 0 1217 1 0 0
347 0232424 4 1101246 1 142 367 0 1217 1 0 0
347 0232424 4 1110632 1 322 367 0 1217 1 0 0
347 0232424 4 1114616 3 44 367 147 1217 1 0 0
347 0232424 4 03632 1 1228 367 614 1217 1 0 0
347 0232424 4 03764 1 464 367 0 1217 1 0 0
14 0232427 4 822143 1 222 367 0 2 1 0 0
14 0232427 4 4423 1 3 367 032 2 1 0 0
14 0232427 4 244424 1 3 367 032 2 1 0 0
14 0232427 4 272411 1 1366 367 304 2 1 0 0
14 0232427 4 281760 1 072 367 06 2 1 0 0
14 0232427 4 6433681 1 233 367 166 2 1 0 0
14 0232427 4 6434077 1 233 367 166 2 1 0 0
14 0232427 4 80437 1 442 367 0 2 1 0 0
223 0232708 4 261803 1 1 226 042 1242 1 0 0
223 0232708 4 6321447 1 24 226 222 1242 1 0 0
223 0232708 4 241 1 24 226 222 1242 1 0 0
1344 02328 4 4180 1 312 324 0 1741 1 0 0
1344 02328 4 2360 2 4 324 0 1741 1 0 0
1344 02328 4 10436 1 124 324 034 1741 1 0 0
343 023282102 4 2486 2 128 324 14 2031 1 0 0
343 023282102 4 1014177 2 128 324 04 2031 1 0 0
343 023282102 4 1112241 2 1 324 138 2031 1 0 0
343 023282102 4 1134328 1 222 324 0 2031 1 0 0
34 016160 4 281760 2 1 224 12 1401 1 0 0
1222 014 4 2348 1 222 441 0 1744 1 0 0
1222 014 4 4441 1 327 441 0 1744 1 0 0
1222 014 4 834484 2 1 441 0 1744 1 0 0
1222 014 4 834416 1 232 441 0 1744 1 0 0
1222 014 4 834808 1 341 441 0 1744 1 0 0
1222 014 4 832646 1 222 441 0 1744 1 0 0
1222 014 4 841024 1 172 441 02 1744 1 0 0
1222 014 4 860776 2 118 441 0 1744 1 0 0
1222 014 4 877226 1 162 441 01 1744 1 0 0
1222 014 4 8108 1 072 441 02 1744 1 0 0
1222 014 4 8260 2 418 441 02 1744 1 0 0
1222 014 4 828068 1 262 441 0 1744 1 0 0
1222 014 4 1423 3 4 441 037 1744 1 0 0
1222 014 4 243323 1 132 441 0 1744 1 0 0
1222 014 4 244224 1 2 441 322 1744 1 0 0
1222 014 4 2414 2 3 441 328 1744 1 0 0
1222 014 4 243222 1 24 441 162 1744 1 0 0
1222 014 4 262463 1 322 441 0 1744 1 0 0
1222 014 4 271124 1 084 441 064 1744 1 0 0
1222 014 4 276228 2 118 441 04 1744 1 0 0
1222 014 4 281760 2 1 441 12 1744 1 0 0
1222 014 4 224637 1 132 441 0 1744 1 0 0
1222 014 4 228112 1 24 441 072 1744 1 0 0
1222 014 4 146 1 132 441 06 1744 1 0 0
1222 014 4 16062 1 072 441 04 1744 1 0 0
1222 014 4 1024731 1 2 441 032 1744 1 0 0
1222 014 4 10411 1 2 441 322 1744 1 0 0
1222 014 4 1071446 1 4 441 207 1744 1 0 0
1222 014 4 1074637 1 322 441 04 1744 1 0 0
1222 014 4 10444 1 222 441 0 1744 1 0 0
1222 014 4 1322424 1 062 441 0 1744 1 0 0
1222 014 4 11274 1 1 441 022 1744 1 0 0
1222 014 4 1106423 1 242 441 0 1744 1 0 0
1222 014 4 1114711 1 712 441 0 1744 1 0 0
1222 014 4 1121384 1 312 441 08 1744 1 0 0
1222 014 4 6463742 1 24 441 222 1744 1 0 0
1222 014 4 6632301 1 322 441 0 1744 1 0 0
1222 014 4 24066 1 14 441 142 1744 1 0 0
1173 028244 4 1072622 1 142 412 0 1436 1 0 0
1173 028244 4 2644461 1 122 412 0 1436 1 0 0
122 041237 4 10448 1 322 330 0 1230 1 0 0
122 041237 4 1117860 2 318 330 06 1230 1 0 0
122 041237 4 1130777 1 142 330 0 1230 1 0 0
122 041237 4 2644607 1 422 330 0 1230 1 0 0
8 063224 4 1276 1 2 3 062 1231 1 0 0
8 063224 4 7662 1 2 3 062 1231 1 0 0
8 063224 4 2432 1 322 3 03 1231 1 0 0
8 063224 4 170 1 2 3 062 1231 1 0 0
8 063224 4 1010440 1 2 3 062 1231 1 0 0
8 063224 4 1114360 2 178 3 1 1231 1 11 0
8 063224 4 1138182 1 122 3 0 1231 1 0 0
468 0186 4 1037840 1 304 446 0 32 1 0 0
468 0186 4 132 1 322 446 0 32 1 0 0
468 0186 4 6448443 2 4 446 228 32 1 0 0
468 0182 4 834484 1 04 446 0 34 1 0 0
468 0182 4 3324 1 082 446 0 34 1 0 0
468 0182 4 7403 1 228 446 0 34 1 0 0
468 0182 4 866328 1 122 446 0 34 1 0 0
468 0182 4 8723 1 2 446 322 34 1 0 0
468 0182 4 824103 2 442 446 442 34 1 0 0
468 0182 4 2112 1 072 446 0 34 1 0 0
468 0182 4 6226 1 132 446 04 34 1 0 0
468 0182 4 213428 1 322 446 0 34 1 0 0
468 0182 4 214672 1 04 446 022 34 1 0 0
468 0182 4 218334 1 167 446 102 34 1 0 0
468 0182 4 241412 1 0 446 148 34 1 0 0
468 0182 4 146 1 132 446 06 34 1 0 0
468 0182 4 160 1 232 446 0 34 1 0 0
468 0182 4 1041242 1 086 446 0 34 1 0 0
